data/datasets/co2_emissions.asc
ncols 360
nrows 180
xllcorner -180
yllcorner -90
cellsize 1
NODATA_value -99
[rows 40 to 79 of 180, columns 182 to 272 of 360]
940.25 628.1 901.91 156.96 4784.1 3630.76 8863.8 2737.32 1603.87 5424.49 1913.34 1573.77 1000.9 1347.2 5287.79 5186.06 2519.68 1371.66 973.01 725.58 1348.17 1961.43 3504.26 1718.64 1357.45 1210.35 2073.85 1256.99 1362.24 1136.79 1414.86 1466.29 1253.4 958.95 2766.33 945.55 1227.68 882.7 458.45 347.69 237.42 344.71 282.62 192.72 121.08 52.96 35.55 52.96 70.73 52.96 17.77 35.55 70.73 66.2 92.68 237.96 119.16 26.48 39.72 26.48 35.19 43.47 43.47 10.58 34.76 22.67 0 57.49 50.66 137.3 857.27 2374.13 23.03 160.39 45.77 38.57 19.29 19.29 38.57 284.87 33.25 268.61 371.93 68.84 1.49 6.46 9.93 28.09 14.68 14.68 24.47
7104.28 156.96 666.15 156.96 1027.49 1389.01 3487.17 8727.05 3001.7 5659.25 2268.26 964.43 1964.1 469.51 5103.89 2183.16 1694.49 803.37 901.56 1503.09 1465.43 1286.89 1912.39 2408.73 1139.69 1079.27 1155.38 948.18 1198.39 803.11 1306.03 915.53 2748.39 2278.37 992.56 5063.84 4689.49 2749.79 1385.78 572.19 258.28 286.1 4670.91 230.96 352.44 52.96 70.73 35.55 0 139.96 17.35 69.59 34.76 52.96 13.24 105.56 79.08 26.48 26.48 26.48 39.72 32.53 10.58 12.82 12.82 65.05 12.82 25.69 52.17 25.69 52.17 25.69 12.82 48.79 48.79 19.29 38.57 77.57 57.86 38.57 96.85 119.95 33.25 67.35 48.81 0 0 19.57 9.78 9.78 0
1150.94 2119.96 628.1 1417.33 2259.39 4351.36 4874.75 7330.73 5599.03 3103.85 3883.53 1452.55 1135.77 2114.59 1622.4 1056.84 1086.56 4453 1558.55 1897.47 1123.55 1060.98 595.38 748.27 995.45 650.96 1092.49 806.48 734.58 654.57 476.72 2493.65 1255.79 2542.68 645.72 3867.84 1988.49 5009.47 2329.99 427.16 923.85 392.89 141.06 48.18 192.72 217.02 34.24 34.76 34.76 660.79 34.76 121.82 52.17 39.72 26.48 13.24 13.24 132.4 26.48 130.16 25.69 0 12.82 0 142.98 649.91 12.82 0 0 25.69 12.82 12.82 25.69 38.93 0 12.82 19.29 19.29 135.42 38.57 57.86 86.63 201.62 125 41.84 42.71 135.97 0 0 0 4.89
1498.08 1256.75 2220.2 1334.72 2264.48 1617.66 890.33 1264.49 486.07 1698.57 628.02 1149.56 1379.32 988.11 551.72 478.7 856.59 1231.09 1526.52 1959.8 524.17 1667.02 1149.13 400.56 1144.84 598.86 612.97 868.55 3303.36 -99 2499.63 638.42 393.96 -99 -99 -99 1061.44 517.06 485.77 764.91 372.02 282.62 471.86 48.18 78.97 268.71 2026.97 52.17 -99 -99 0 34.76 137.72 0 13.24 0 26.48 25.69 -99 260.33 0 0 0 0 0 0 12.82 0 0 0 0 25.69 169.88 182.76 0 76.78 160.81 51.45 32.16 128.65 192.09 125.51 0 32.25 0 0 0 62.75 35.74 14.68 4.89
1021 1821.09 3714.57 2241.55 1088.25 3703.72 2924.93 7501.44 2856.68 2365.46 2641.84 -99 951.68 1313.18 394.99 338.52 845.86 1293.15 1149.66 1911.1 749.23 994.79 913.49 1390.39 512.27 1315.37 1563.28 454.08 -99 -99 -99 912.3 659.35 -99 -99 489.24 782.29 3581.66 1626.67 1812.93 923.85 692.89 258.28 37.75 68.54 296.03 -99 -99 -99 -99 0 50.3 0 50.3 16.99 13.24 0 -99 -99 156.64 234.57 25.69 286.81 0 0 0 0 0 0 0 62.39 125.21 418.48 732.73 0 128.65 224.72 288.68 192.55 96.07 32.16 54.04 161.25 0 0 0 0 0 0 0 4.89
1098.96 942.1 1757.04 1413.62 706.62 1321.48 3233.76 1551.98 3220.34 2719.05 -99 -99 -99 507.92 51.45 77.99 68.64 96.07 2122.07 568.49 640.69 1407.91 1460.46 1062.87 4519.84 850.05 1231.1 -99 -99 -99 -99 -99 -99 -99 -99 -99 1368.39 1633.63 1716.58 1899.36 1002.83 1812.93 771.86 526.99 275.67 -99 -99 -99 -99 50.3 83.61 33.25 8.28 0 67.44 0 -99 -99 -99 0 0 0 104.41 804.68 156.64 79.08 237.23 158.15 0 125.21 125.21 125.21 62.39 104.77 209.24 256.88 894.15 32.16 327.91 51.42 200.47 0 298.96 125.51 651.08 296.34 0 164.73 0 0 0
1020.07 2193.29 -99 4216.72 1727.34 -99 -99 -99 2563.51 3543.71 1885.43 1907.81 -99 -99 687.42 58.32 102.71 48.04 408.27 656.17 599.28 1229.72 1412.01 1698.2 713.21 1657.29 -99 -99 -99 -99 -99 -99 -99 -99 -99 -99 -99 -99 149.41 396.81 892.43 1937.11 2781.98 2468.07 1657.97 -99 -99 -99 -99 650.51 133.91 41.59 0 0 0 67.44 219.42 50.65 16.92 0 0 0 0 0 0 77.93 830.67 1087.01 438.13 312.92 0 250.47 67.04 167.22 4430.86 837.32 209.24 314.01 104.77 780.95 201.34 186.52 0 0 0 1180.14 0 95 66.24 0 0
998.53 -99 -99 -99 -99 -99 -99 -99 -99 1244.27 2070.06 1884.31 -99 -99 -99 -99 204.13 450.22 457.19 769.72 989.55 2729.65 1683.6 1213.02 955.84 1083.2 -99 -99 -99 -99 -99 -99 -99 -99 -99 -99 -99 -99 -99 -99 323.17 301.82 198.84 530.03 734.11 2478.5 -99 -99 -99 -99 8.28 0 0 0 0 0 319.39 1257.94 168.74 0 16.62 155.76 0 35.32 0 0 869.37 1987.81 378.76 1189.84 156.35 364.9 328.1 109.89 55.59 -99 71.67 10.96 104.77 0 0 0 0 0 244.92 0 74.09 168.22 122.02 0 0
5770.49 -99 -99 -99 -99 -99 -99 -99 -99 -99 -99 2491.9 2364.34 2951.79 -99 -99 -99 182.51 283.52 1490.55 846.11 839.86 363.76 767.57 601.26 823.66 -99 -99 -99 -99 341.16 353.61 402.83 419.77 -99 -99 -99 -99 -99 253.63 165.62 120.84 681.28 369.93 248.32 513.81 642.75 -99 -99 -99 -99 0 0 0 0 0 0 561.99 1172.61 545.99 0 0 155.76 35.32 0 17.06 456.84 5233.51 434.71 596.01 255.53 22.76 33.6 20.66 23.09 0 2.73 122.02 432.31 136.84 481.99 0 59.27 0 285.88 0 0 0 0 0 0
-99 -99 -99 -99 -99 -99 1149.16 1215.18 -99 -99 -99 -99 -99 2422.53 1914.52 -99 -99 154.88 114.16 440.97 2088.26 661.45 -99 -99 420.96 -99 -99 1790.48 421.13 429.23 329.57 421.13 405.28 429.51 491.32 356.6 347.59 164.78 164.78 201.42 146.49 342.06 599.68 213.06 1316.55 930.65 769.36 4130.93 -99 -99 -99 182.35 8.51 25.3 0 0 76.87 0 0 10.88 97.13 68.6 380.23 753.99 327.61 457.95 1517.39 1073.86 902.12 3362.25 2351.18 284.04 14.02 0 0 0 21.79 26.15 121.15 0 0 0 0 0 0 0 0 0 0 0 0
-99 -99 -99 -99 -99 -99 1337.14 1330.43 -99 -99 -99 -99 -99 -99 1606.81 -99 -99 -99 458.92 766.8 1403.69 -99 -99 -99 663.68 468.68 347.91 344.19 535.69 274.64 2426.7 384.5 358.14 311.27 146.49 396.95 109.86 164.96 201.42 414.88 238.01 91.52 342.6 407.31 484.68 415.19 682.8 -99 -99 -99 -99 76.16 272.45 30.98 0 0 0 0 0 0 67.88 843.56 676 693.27 1992.11 841.52 84.36 84.54 68.22 48.35 6.79 15.01 0 563.92 606.63 0 233.59 0 0 0 0 0 0 0 0 0 20.05 0 0 0 0
-99 -99 -99 -99 -99 -99 -99 -99 -99 -99 -99 -99 -99 -99 -99 -99 -99 -99 -99 1090.97 1102.42 970.22 -99 -99 -99 2599.23 368.74 396.18 299.45 518.03 329.57 183.08 684.67 739.47 238.01 282.61 333.6 409.27 146.49 268.21 243.8 307.24 474.83 453.15 1758.83 328.09 1119.57 -99 -99 -99 -99 -99 14.19 38.68 175.02 211.36 196.58 0 0 0 102.16 113.99 181.89 773.48 452.29 442.3 270.18 101.47 24.14 4.74 2.99 0.99 2 0 144.68 658.93 0 0 0 0 0 0 0 33.99 0 0 0 0 0 0 0
-99 -99 -99 -99 -99 -99 -99 -99 -99 -99 -99 1579.96 1736.61 -99 -99 -99 -99 -99 -99 573.18 719.33 -99 -99 -99 -99 475.02 504.45 475.47 419.91 238.01 558.34 208.48 397.4 406.14 621.73 756.22 581.88 212.01 706.86 667.04 493.07 432.31 193.96 810.68 482.23 306.2 30.17 -99 -99 -99 -99 -99 157.4 396.56 211.38 529.03 1378.04 237.36 196.58 598.41 470.19 10.88 46.12 307.02 293.77 1038.7 149.7 76.36 11.82 8.51 4.74 0.99 2.99 18.3 0 239.69 149.91 538.65 250.15 0 21.79 0 0 0 0 0 0 0 0 0 0
751 2565.59 944.79 1174.19 1314.93 1253.4 527.12 361 1066.3 -99 -99 -99 -99 -99 -99 -99 -99 -99 -99 -99 -99 -99 -99 -99 -99 -99 -99 128.15 470.94 -99 183.08 201.42 -99 -99 843.04 2246.31 420.41 18.29 405.1 349.51 409.65 1517.15 1082.13 405.01 575.33 271.79 683.18 271.79 521.47 301.95 933.8 572.52 713.56 211.38 181.14 464.16 464.81 2543.65 155.14 107.04 224.96 0 64.29 12.1 10.59 8.95 9.18 3.78 1.51 25.7 121.58 119.83 167.75 47.92 0 0 0 0 0 140.33 0 0 0 0 0 0 0 0 0 0 0
384.34 334.02 595.81 453.84 762.95 483.73 401.71 166.05 404.54 -99 -99 -99 -99 -99 -99 -99 -99 -99 -99 -99 -99 -99 -99 -99 -99 -99 -99 -99 -99 -99 -99 -99 -99 -99 1089.88 462.88 173.59 472.17 586.85 0 0 410.43 1168.6 1159.76 724.05 422.77 452.93 634.15 711.98 9741.17 241.55 301.23 150.98 90.57 90.57 120.74 181.14 405.13 90.57 33.39 265.64 45.46 5.3 6.81 2.27 3.03 3.78 2.27 3.03 50.19 23.95 71.89 335.46 215.7 191.72 38.2 0 0 0 0 0 0 0 0 0 0 0 0 0 0 0
111.37 427.93 222.73 535.54 111.37 194.71 370.17 0 282.12 -99 -99 -99 -99 -99 -99 -99 -99 -99 -99 -99 -99 -99 -99 -99 -99 -99 -99 -99 -99 -99 -99 -99 -99 -99 1658.89 405.1 173.59 0 289.28 234.56 117.26 234.56 703.59 740.85 329.53 1228.27 1074.19 908.6 1111.63 211.38 0 0 60.33 30.17 60.33 150.98 362.36 120.74 241.55 5.3 18.31 6.05 3.03 4.54 3.03 4.54 4.54 37.69 5.34 602.6 181.89 167.75 999.98 602.96 746.51 535.8 38.2 0 0 0 0 0 0 0 0 0 0 0 0 0 0
299.15 0 0 167.04 414.23 110.99 138.34 27.67 306.23 -99 -99 -99 -99 -99 -99 -99 -99 -99 -99 -99 -99 -99 -99 -99 -99 -99 -99 -99 -99 -99 -99 -99 -99 2687.5 2506.27 0 57.86 0 117.26 0 293.16 662.79 8551.69 381.96 396.56 150.98 1007.96 479.07 452.93 508.51 211.38 90.57 120.74 120.74 150.98 120.74 211.38 301.95 30.17 2.27 12.1 3.03 5.3 4.54 4.54 4.54 9.08 9.08 119.83 158.78 344.55 556.07 483.1 765.5 267.9 420.95 267.9 4.36 0 0 0 0 0 0 0 0 0 0 0 0 0
0 268.52 111.37 111.37 0 0 0 0 83.02 159.19 197.33 3352 197.33 -99 -99 -99 -99 -99 -99 230.24 389.08 -99 -99 -99 -99 -99 -99 -99 -99 -99 -99 -99 -99 1615.31 1147.96 0 0 0 0 0 58.63 234.56 1613.61 955.14 499.23 120.74 676.27 90.57 859.64 2323.34 211.38 150.98 211.38 30.17 0 90.57 150.98 384.9 241.55 3.03 9.08 3.03 5.3 4.54 5.3 5.3 6.81 144.57 359.45 399.29 524.86 622.47 1437.09 801.42 650.65 38.2 459.15 114.6 6.97 7.84 0 0 10.46 0 0 0 0 0 0 20.92 17.43
0 0 0 55.67 55.67 0 0 0 65.78 263.15 164.43 32.89 0 32.89 -99 -99 -99 -99 328.96 32.89 0 32.89 65.78 410.27 -99 -99 -99 -99 -99 -99 -99 -99 1587.84 4338.74 140.22 417.11 208.52 0 0 0 0 0 1153.74 490.13 724.12 881.45 1257.06 817.88 241.55 573.74 362.36 211.38 464.31 90.57 211.38 0 0 120.74 30.17 190.08 3.78 1.51 12.86 11.06 26.22 26.98 72.65 143.81 232.96 167.75 825.6 344.08 1543.22 1140.56 612.45 408.8 306.1 79.89 0 0 0 0 10.46 6.97 0 0 0 0 20.05 0 47.07
0 0 0 0 0 0 0 65.78 65.78 0 0 98.68 0 32.89 0 0 0 -99 98.68 0 0 0 0 46.44 0 0 139.38 92.91 917.84 6656.06 747.68 46.44 129.83 410.28 46.74 104.23 0 0 0 417.11 0 58.63 117.26 0 293.16 1777.08 1318.98 569.21 441.7 422.77 513.34 90.57 241.55 252.49 181.14 564.67 0 0 30.17 90.57 0 7.56 2.27 0.76 144.57 425.38 215.7 167.75 394.4 536.74 390.44 340.59 824.43 1158.67 1162.89 612.45 499.09 153.05 76.4 5.23 0 0 0 0 0 0 31.38 0 0 61.88 0
0 0 0 0 55.67 0 0 0 0 0 0 0 0 65.78 32.89 0 0 32.89 0 65.78 0 0 32.89 92.91 46.44 0 0 0 738.92 557.51 185.84 139.38 525.58 316.79 46.74 104.23 0 104.23 208.52 0 104.23 104.23 0 0 0 1106.47 -99 -99 -99 727.17 2078.55 332.12 301.95 322.83 332.12 362.36 120.74 120.74 211.38 84.28 47.92 71.89 23.95 144.57 263.71 263.71 215.7 119.83 407.44 415.6 239.71 582.46 328.43 789.07 811.15 1878.78 1307.75 717.38 169.71 3 16.66 6.66 3.33 6.97 0 59.27 88.03 95.88 104.59 226.61 33.12
0 0 0 0 55.67 0 0 111.37 0 0 0 0 0 0 0 32.89 0 0 0 0 0 0 0 0 0 0 92.91 46.44 1129.78 0 0 278.75 139.38 312.82 869.48 0 0 0 0 0 104.23 104.23 104.23 208.52 104.23 368.87 946.12 -99 -99 452.93 362.36 1158.43 241.55 181.14 181.14 241.55 211.38 60.33 181.14 120.74 71.89 0 23.95 119.83 191.72 215.7 256.02 239.71 247.63 119.83 153.05 514.47 617.41 688.85 962.21 4207.04 1606.41 1435.01 667.31 81.51 33.33 39.99 26.66 19.89 0 42.71 73.94 56.65 34.86 8.72 21.79
278.48 0 0 0 0 0 0 0 0 0 0 131.52 394.67 32.89 32.89 0 0 0 0 0 0 0 0 0 0 92.91 0 0 1101.75 422.13 0 92.91 -99 -99 104.23 0 208.52 0 0 1135.94 73 104.23 104.23 104.23 0 312.82 521.41 -99 -99 -99 543.58 422.77 271.79 211.38 693.11 301.95 90.57 120.74 150.98 211.38 205.09 71.89 47.92 95.86 167.75 239.71 628.06 215.7 415.29 291.85 497.6 631.3 709.44 1080.78 666.28 1509.67 2287.83 1385.4 1194.89 860.01 587.33 326.09 332.56 44.52 6.66 16.66 355.47 17.51 16.8 71.06 153.05
0 0 0 0 0 0 55.67 0 0 0 65.78 230.24 65.78 98.68 0 0 0 0 0 0 0 0 0 0 0 0 0 0 0 1160.06 713.4 0 -99 -99 208.52 208.52 0 0 417.11 1251.83 521.41 1771.57 312.82 312.82 104.23 104.23 417.11 0 -99 -99 -99 -99 -99 -99 -99 211.38 150.98 181.14 181.14 241.55 102.06 102.06 47.92 143.81 47.92 263.71 362.95 119.83 459.15 344.3 420.95 761.29 784.36 1078.8 306.1 944.35 1145.28 776.42 1995.86 836.94 925.5 904.91 985.53 708.74 434.28 475.81 867.23 704.86 464.75 575 574
0 0 0 0 0 55.67 0 0 32.89 0 0 197.33 98.68 0 0 0 0 0 32.89 98.68 0 0 0 0 0 0 371.59 92.91 278.75 0 1227.37 46.44 0 -99 -99 0 0 104.23 208.52 834.09 1251.83 1042.96 521.41 1251.83 312.82 104.23 0 1991.54 613.49 7316.02 -99 -99 -99 -99 -99 -99 150.98 120.74 150.98 144.69 119.83 157.85 95.86 23.95 143.81 167.75 636.91 249.03 258.41 288.24 497.6 531.34 581.2 459.15 539.28 602.03 798.25 1198.61 669.5 935.17 928.23 1017.53 914.09 1710.1 1340.75 837.94 765.51 449.73 391.86 566.38 449.54
0 0 0 55.67 0 0 0 55.67 65.78 0 0 0 65.78 0 0 0 0 0 0 0 32.89 98.68 0 0 0 0 0 0 185.84 0 731.92 46.44 0 -99 -99 0 104.23 2109.51 0 834.09 625.7 1251.83 73 208.52 8819.68 312.82 104.23 0 0 -99 -99 -99 4354.85 498.91 412.89 -99 -99 -99 -99 -99 -99 -99 -99 -99 -99 1524.95 167.75 287.7 215.7 267.9 520.17 306.1 574 497.6 459.15 826.03 862.74 500.08 607.49 458.16 306.1 344.3 1070.61 718.62 713.16 727.05 1089.52 400.56 418.15 400.08 497.49
0 0 0 222.73 55.67 0 0 0 0 0 0 0 0 0 0 0 0 0 0 0 0 0 0 0 0 0 0 0 0 0 0 0 0 0 -99 -99 417.11 417.11 417.11 104.23 104.23 104.23 312.82 312.82 208.52 208.52 0 0 0 0 444.43 2444.01 888.87 0 163.43 408.57 485.86 -99 -99 -99 -99 -99 -99 -99 -99 -99 -99 523.15 688.85 459.15 1739.62 382.75 267.9 691.33 420.95 636.02 709.94 966.43 564.58 459.15 459.15 420.95 535.8 1099.63 1329.58 1378.45 1069.7 486.83 749.01 396.61 334.69
0 0 111.37 167.04 55.67 0 0 0 0 0 0 0 0 0 0 0 0 0 0 0 0 0 0 0 0 0 0 0 0 0 0 0 0 0 -99 -99 -99 73 208.52 104.23 104.23 0 0 0 625.7 0 0 0 0 0 0 222.22 444.43 0 0 136.19 326.92 -99 -99 -99 -99 -99 -99 -99 -99 -99 -99 480.98 956.01 874.4 964.2 529.1 403.09 83 569.54 405.82 716.64 708.95 535.8 650.65 906.65 497.6 954.03 623.12 895.48 841.9 4512.15 365.99 387.93 -99 259.61
0 0 0 0 0 0 0 0 0 0 0 0 0 0 0.08 0.42 0 0 0 0 0 0 0 0 0 0 0 0 3.24 2.16 0 0 0 0 2.16 -99 -99 13482.8 2800.65 208.52 417.11 0 0 0 0 0 0 0 0 0 0 0 0 0 0 0 108.95 -99 -99 -99 -99 -99 -99 -99 -99 -99 -99 -99 1058.71 901.19 -99 535.8 291.96 717.88 477.26 546.72 918.55 1108.81 820.82 1231.6 688.85 716.64 594.34 535.8 812.14 -99 -99 -99 -99 -99 137.03
0 0 0 0 0 0 0 0 0 0 0 0 0 0 0.13 0.04 0.08 0 0 0 0 0 0 0 0 0 0 0 14.04 0 0 0 0 0 0 -99 -99 -99 312.82 938.87 208.52 0 312.82 0 0 0 0 0 0 0 0 0 0 0 27.24 0 -99 -99 -99 -99 -99 -99 -99 -99 -99 -99 -99 -99 -99 -99 -99 355.22 915.08 481.23 756.82 708.95 1139.08 727.05 497.6 633.04 650.65 441.29 459.15 1329.09 918.55 -99 -99 -99 -99 -99 -99
55.67 0 0 0 0 0 1.76 0 0 0 4.4 0 0 0 0 0.04 0 0 0.04 0 0 0 0 0 0 0 0 0 9.72 0 0 3.24 0 0 0 -99 -99 -99 -99 625.7 0 104.23 0 104.23 0 0 0 0 0 0 0 0 27.24 0 54.48 54.48 -99 -99 -99 -99 -99 -99 -99 -99 -99 -99 -99 -99 -99 -99 -99 1032.66 780.39 686.12 691.09 912.6 899.95 999.67 459.15 574 861 612.45 787.33 -99 -99 -99 -99 -99 -99 -99 -99
0 0 0 0 0 2.64 1.76 0 0 0 0.88 0 0 0 0 0 0 0 0 0 0 0.04 0 0 0 0 0 0 5.4 10.8 2.16 6.48 0 0 4.32 3.24 -99 -99 -99 625.7 1427.39 312.82 0 0 0 0 0 0 0 0 0 0 0 27.24 81.71 -99 -99 -99 -99 -99 -99 -99 -99 -99 -99 -99 -99 -99 -99 -99 -99 1277.24 497.6 707.21 730.28 611.46 1158.92 1256.65 765.5 612.45 632.3 1669.17 -99 -99 -99 -99 -99 -99 -99 -99 -99
0 0 0 0 0.88 0.88 11.44 0.88 0 0 0 0 0 0 0 0 0 0.04 0 0.04 0 0 0 0 0 0 0 0 0 0 0 10.04 0 0 1.08 0 1.67 -99 -99 -99 938.87 748.34 475.91 0 0 0 0 18.34 0 18.34 0 108.95 217.9 -99 -99 -99 -99 -99 -99 -99 -99 -99 -99 -99 -99 -99 -99 -99 -99 -99 -99 267.9 663.3 595.34 502.81 564.82 1840.08 1183.48 1105.09 725.81 956.75 -99 -99 -99 -99 -99 -99 -99 -99 -99 -99
0 0.17 0.88 0 0.88 1.76 0 0 0 0 0 0 0 0 0 0 0.04 0 0 0 0.08 0 0 0 0 0 0 0 0 0 7.56 5.4 0 1.08 2.16 1.67 1.67 -99 -99 -99 -99 195.95 55.02 0 0 36.68 73.35 146.7 0 18.34 110.04 -99 -99 -99 -99 -99 -99 -99 -99 -99 -99 -99 -99 -99 -99 -99 -99 -99 -99 -99 -99 420.95 1189.18 1036.38 574 543.74 650.65 650.65 1870.59 1495.29 -99 -99 -99 -99 -99 -99 -99 -99 -99 -99 -99
2.97 1.93 4.4 4.4 2.64 0 0.88 0 0 0 0 0 0 0 0 0 0.04 0 0.04 0.21 1.25 1.08 1.08 0 1.08 0 0 0 0 0 73.1 12.96 1.08 3.24 16.32 8.37 16.74 11.72 -99 -99 -99 201.72 261.81 73.35 0 73.35 183.39 36.68 0 0 -99 -99 -99 -99 -99 -99 -99 -99 -99 -99 -99 -99 -99 -99 -99 -99 -99 -99 -99 -99 -99 -99 599.06 1884.24 1431.04 1258.14 1065.65 765.5 -99 -99 -99 -99 -99 -99 -99 -99 -99 -99 -99 -99 -99
14.97 13.21 14.08 14.65 5.28 4.4 2.64 1.76 2.64 0 0 0.92 0.17 0.17 0 0.04 0.13 0.21 0.29 0.5 2.41 0 10.8 5.4 0 2.16 1.08 4.32 16.2 4.32 18.36 11.2 2.16 14.8 3.35 5.02 23.44 13.39 6.7 -99 -99 201.72 165.06 73.35 91.72 110.04 183.39 -99 -99 -99 -99 -99 -99 -99 -99 -99 -99 -99 -99 -99 -99 -99 -99 -99 -99 -99 -99 -99 -99 -99 -99 -99 841.9 1721.02 716.39 866.71 1265.34 1389.12 -99 -99 -99 -99 -99 -99 -99 -99 -99 -99 -99 -99 -99
38.2 8.8 141.47 390.5 120.37 107.02 39.73 6.16 123.01 119.49 50.08 -99 -99 0.29 0.13 0.17 0.46 0.97 0.93 0.63 9.76 7.56 5.4 8.53 7.56 10.8 6.48 7.56 42.47 16.2 17.97 4.32 5.4 0 1.67 8.37 1.67 21.58 0 1.67 -99 146.7 261.97 220.09 -99 -99 -99 -99 -99 -99 -99 -99 -99 -99 -99 -99 -99 -99 -99 -99 -99 -99 -99 -99 -99 -99 -99 -99 -99 -99 -99 -99 -99 700.76 676.95 1323.88 1116.25 1455.1 -99 -99 -99 -99 -99 -99 -99 -99 -99 -99 -99 -99 -99
5.05 72.93 388.47 205.6 345.39 536.58 229.33 342.66 363.96 251.3 182.75 228.45 82.51 2.49 0.25 0.34 1.13 1.01 0.76 1.75 10.01 12.96 15.49 9.72 10.8 11.88 12.96 7.56 9.72 5.4 5.4 1.08 3.24 0 0 23.44 10.05 20.09 1.67 1.67 21.62 -99 -99 -99 -99 -99 -99 -99 -99 -99 -99 -99 -99 -99 -99 -99 -99 -99 -99 -99 -99 -99 -99 -99 -99 -99 -99 -99 -99 -99 -99 -99 -99 880.35 1463.53 2006.03 1522.08 1659.5 -99 -99 -99 -99 -99 -99 -99 -99 -99 -99 -99 -99 -99
6.6 191.93 585.3 319.88 251.3 470.17 342.66 411.25 333.25 380.79 205.6 365.94 96.23 3.15 0.46 0.55 0.29 0.34 0.25 0.17 3.58 7.56 9.72 6.48 6.48 9.72 2.16 4.32 5.4 9.72 5.4 0 3.24 3.35 6.7 16.4 16.74 20.08 10.05 6.7 21.57 -99 -99 -99 -99 -99 -99 -99 0.04 -99 -99 -99 -99 -99 -99 -99 -99 -99 -99 -99 -99 -99 -99 -99 -99 -99 -99 -99 -99 -99 -99 -99 -99 -99 1425.33 2139.49 1798.16 2453.28 -99 -99 -99 -99 -99 -99 -99 -99 -99 -99 -99 -99 -99
10.38 128.36 182.75 251.3 274.08 393.67 205.6 224.19 159.89 306.52 319.88 98.97 59.59 17.17 0.5 0.29 0.34 0.34 0.17 0.04 1.59 4.55 6.48 4.32 3.24 1.08 0 4.32 3.24 4.32 11.88 4.32 3.24 1.67 10.05 16.74 13.39 13.39 1.67 0 6.7 0.01 -99 0.09 0.01 0.04 0.04 0.06 0.01 -99 -99 -99 -99 -99 -99 -99 -99 -99 -99 -99 -99 -99 -99 -99 -99 -99 -99 -99 -99 -99 -99 -99 -99 -99 1562.76 2206.46 1793.45 1467.5 -99 -99 -99 -99 -99 -99 -99 -99 -99 -99 -99 -99 -99
