data/datasets/radiation.asc
ncols 720
nrows 360
xllcorner -180
yllcorner -90
cellsize .5
NODATA_value -99
[rows 42 to 83 of 360, columns 94 to 187 of 720]
170 169 169 169 168 168 167 167 166 166 165 165 164 164 163 163 162 162 162 162 162 162 162 163 163 163 -99 161 162 163 164 164 164 164 165 165 165 -99 -99 166 166 167 167 167 167 -99 -99 -99 -99 -88 -88 167 166 -99 -99 -99 165 -99 -99 -99 -99 -99 -99 -99 -99 -99 -99 -99 -99 -99 -99 164 164 163 -99 -99 -99 -99 -99 163 163 163 162 162 163 -99 164 163 164 -99 -99 -99 -99 -99
170 169 169 169 168 168 168 168 168 167 166 165 165 164 164 164 163 163 163 163 163 163 163 163 163 163 162 162 163 164 164 164 164 164 164 165 -99 -99 -99 -99 -99 -99 -99 -99 -99 -99 -99 -99 -99 -99 -99 -99 167 167 166 166 166 -99 -99 -99 -99 -99 -99 -99 -99 -99 -99 -99 -99 164 164 164 164 -88 -99 -99 -99 163 163 163 162 162 162 163 163 164 -99 163 164 165 -99 -99 -99 -99
170 170 170 169 169 168 169 168 168 168 167 166 166 166 165 165 164 164 164 164 164 164 164 164 164 164 163 164 164 164 165 165 165 165 166 -99 167 167 -99 -99 -99 -99 169 170 -99 169 169 -99 -99 -99 168 168 167 167 166 166 165 166 165 165 166 166 166 -99 166 165 166 165 165 165 -99 164 164 164 -99 163 163 163 163 162 162 162 162 162 163 163 163 163 163 165 -99 -99 -99 166
171 171 171 170 170 170 169 169 169 169 169 168 -99 167 167 166 166 166 166 166 166 165 165 166 166 166 166 166 166 166 167 167 167 167 167 167 167 168 169 -99 169 170 170 170 -99 171 170 170 170 170 -99 169 169 169 168 167 167 167 166 166 166 166 165 165 165 165 166 166 166 165 165 165 165 165 -99 164 164 163 163 163 163 163 162 162 162 163 163 163 164 164 165 167 167 165
172 172 172 171 -99 171 171 171 171 171 170 -99 170 169 168 -99 168 167 167 167 167 167 168 168 -99 -99 -99 168 168 168 168 167 167 167 168 168 168 168 169 169 169 170 170 170 171 171 171 171 171 171 -99 170 170 170 169 169 168 168 168 168 167 167 167 167 167 167 167 167 166 166 166 165 165 165 165 165 163 163 163 163 163 164 163 163 163 163 163 164 164 164 165 166 167 167
172 172 172 172 172 172 172 172 172 172 172 171 171 171 170 169 169 169 169 169 -99 -99 -99 -99 -99 -99 -88 -88 -88 -88 170 169 169 169 169 169 170 170 171 171 171 171 172 172 172 172 172 172 172 172 172 172 171 171 171 170 170 170 169 169 168 168 168 168 168 168 168 168 167 167 166 166 166 166 165 165 164 163 163 163 163 163 164 164 164 164 164 164 165 165 166 167 167 -99
170 169 170 170 170 171 172 173 173 173 172 171 171 171 170 170 170 170 170 169 169 -99 -99 -99 -99 -99 -99 171 171 171 -99 170 170 171 171 171 171 172 172 173 173 173 173 173 173 173 -99 174 174 173 173 173 172 172 172 171 171 170 170 170 169 169 169 168 168 168 169 168 168 168 167 167 166 166 166 165 164 164 164 164 164 163 164 164 165 165 166 167 -99 -99 167 167 168 -99
164 165 166 166 165 166 168 168 170 170 172 173 173 172 172 -99 171 171 171 -99 -99 -99 -99 170 -99 -99 171 171 171 -99 -99 172 172 172 172 173 173 174 -99 174 175 175 175 175 175 -99 175 175 175 175 175 174 174 173 173 172 172 172 171 171 -99 170 170 169 169 169 169 169 168 168 167 -99 167 -99 166 166 -99 -99 164 164 164 164 164 164 164 165 165 166 167 167 168 168 -99 -99
162 161 162 163 162 162 163 163 163 164 165 167 171 173 172 172 172 171 171 171 171 171 172 172 171 -99 170 171 172 174 174 -99 -99 174 174 174 175 175 176 176 176 176 177 177 177 177 177 177 177 -99 176 -99 175 175 174 174 173 173 172 172 171 171 171 170 171 171 170 170 170 169 -99 -99 168 167 167 166 166 166 165 165 165 165 165 166 166 166 166 166 166 -99 168 -88 -99 170
164 162 163 163 162 161 163 163 164 163 164 166 168 170 171 172 173 171 169 171 172 172 172 172 172 172 172 173 173 173 175 -99 176 176 176 176 177 177 177 -99 -99 178 -99 -99 178 178 178 178 178 178 178 177 177 176 175 175 175 174 174 173 172 172 172 172 172 171 -99 171 170 170 -99 168 168 168 168 168 167 166 166 165 165 165 165 166 166 167 167 167 168 168 -99 -99 -99 170
165 165 164 163 164 164 163 163 163 164 165 164 166 168 169 170 172 172 172 171 172 172 -99 173 173 173 173 173 174 175 176 177 177 178 -99 178 179 179 179 179 179 179 179 -99 180 180 180 180 180 179 179 178 178 177 177 176 176 175 175 174 174 174 173 173 173 172 172 171 171 -99 170 169 169 168 168 167 167 166 166 166 -99 166 166 167 167 -99 -99 -99 -99 -99 -99 -99 -99 170
166 166 164 164 164 163 163 164 163 163 162 163 165 167 168 168 170 171 173 171 172 172 173 173 174 174 175 176 176 177 177 178 -99 -99 180 180 181 -99 181 181 181 181 181 181 181 181 182 182 181 181 180 180 179 178 178 178 178 177 176 175 175 175 -99 -88 173 172 172 171 171 -99 -99 170 169 169 168 168 -99 166 166 166 166 -99 166 166 -99 -99 -99 -99 -99 -99 -99 -99 -99 -99
166 165 165 165 164 164 163 163 163 162 162 161 162 162 164 165 169 171 172 174 173 173 174 175 175 175 176 177 177 178 179 179 180 182 -99 -99 183 183 183 183 183 183 183 183 -99 -99 -99 185 183 182 181 180 180 179 179 178 178 177 177 176 -99 176 -99 175 174 174 173 172 172 172 -99 170 170 169 169 -99 -99 167 -99 166 166 -99 -99 -99 -99 -99 -99 -99 -99 -99 -99 -99 -99 -99
-99 165 165 166 165 164 164 161 163 162 162 163 162 162 163 165 167 169 172 175 174 174 175 175 175 174 174 -99 176 178 -99 181 182 183 183 -99 -99 -99 -99 185 185 -99 -99 185 185 184 184 184 184 183 182 181 181 180 180 179 -99 178 178 -99 -99 177 -99 176 175 -99 -99 173 -99 172 172 171 170 170 169 -99 168 167 167 167 -88 -99 -99 -99 -99 -99 -99 -99 -99 -99 -99 -99 -99 -99
164 165 165 166 164 164 165 163 163 163 163 163 164 166 166 166 166 168 169 172 174 174 176 -99 177 177 177 178 179 181 181 182 183 184 185 186 -99 -99 -99 -99 -99 -99 186 185 185 184 185 185 184 184 183 183 182 182 181 180 180 179 178 178 178 -99 177 176 176 175 -99 174 173 173 -99 171 171 170 -99 169 168 168 168 -88 -99 -99 -99 -99 -99 -99 -99 -99 -99 -99 -99 -99 -99 -99
165 164 163 163 164 162 164 165 162 163 163 164 165 166 167 167 166 168 169 173 175 175 176 176 177 178 179 180 181 182 182 183 184 185 -99 -99 -99 -99 -99 187 187 187 186 186 185 185 185 185 185 185 184 183 183 182 182 -99 -99 -99 179 179 179 178 178 177 177 176 -99 175 174 173 173 172 171 171 170 169 169 169 -99 -99 -99 -99 -99 -99 -99 -99 -99 -99 -99 -99 -99 -99 -99 -99
165 166 165 164 163 164 165 166 165 166 165 166 166 167 167 168 167 168 172 175 174 173 174 175 176 177 178 180 180 181 -99 183 185 -99 -99 -99 -99 187 187 187 187 187 187 187 186 186 187 186 186 185 184 184 183 183 183 182 181 -99 181 -99 180 -99 179 178 178 177 177 176 175 174 174 173 172 171 171 170 170 -99 -99 -99 -99 -99 -99 -99 -99 -99 -99 -99 -99 -99 -99 -99 -99 -99
165 164 163 162 163 164 166 166 166 167 167 167 167 169 168 170 169 171 174 175 175 175 175 175 176 177 179 179 180 181 181 182 185 186 186 187 187 187 187 187 187 187 187 187 187 187 187 187 187 186 185 184 184 184 183 183 182 -99 181 181 181 181 180 179 179 178 -99 177 176 175 175 174 173 172 171 171 -99 -99 -99 -99 -99 -99 -99 -99 -99 -99 -99 -99 -99 -99 -99 -99 -99 -99
161 163 162 160 160 160 164 165 166 167 168 170 170 168 168 169 172 175 175 174 174 175 176 177 178 179 179 180 180 181 181 184 185 185 185 184 185 187 187 187 187 187 187 188 188 188 188 188 188 187 187 186 185 185 184 184 183 183 182 182 182 181 180 180 179 179 179 -99 177 176 -99 174 174 173 172 171 -99 -99 -99 -99 -99 -99 -99 -99 -99 -99 -99 -99 -99 -99 -99 -99 -99 -99
158 161 162 160 161 160 162 163 164 164 167 168 167 168 169 170 172 174 174 175 176 176 176 177 177 180 180 181 182 183 184 184 184 183 182 182 183 184 187 187 187 188 188 188 188 189 -99 -99 -99 -99 188 188 187 187 186 -99 185 184 184 183 183 182 -99 181 180 180 180 179 178 177 177 176 175 174 173 172 -99 -99 -99 -99 -99 -99 -99 -99 -99 -99 -99 -99 -99 -99 -99 -99 -99 -99
159 160 161 160 161 162 162 161 162 163 165 167 165 164 166 168 169 172 174 175 176 177 178 179 180 181 182 183 183 184 184 184 184 184 184 184 185 186 188 188 188 -99 189 -99 -99 189 189 189 188 188 187 187 187 187 187 186 185 -99 184 184 183 183 183 182 182 181 181 -99 180 179 178 177 176 175 174 173 172 -99 -99 -99 -99 -99 -99 -99 -99 -99 -99 -99 -99 -99 -99 -99 -99 -99
156 157 159 159 163 162 161 161 162 163 163 165 166 166 167 165 164 169 173 174 177 177 179 180 181 182 182 183 183 184 185 185 186 186 187 -99 187 188 188 187 187 187 188 189 189 189 189 188 188 188 187 187 187 187 187 -99 -99 185 -99 -99 184 184 -99 183 183 182 182 181 181 180 179 178 177 176 175 174 174 173 173 173 -99 -99 -99 -99 -99 -99 -99 -99 -99 -99 -99 -99 -99 -99
154 151 157 159 159 161 161 161 161 163 164 164 164 168 170 169 168 168 172 175 176 177 179 180 181 181 181 182 184 184 185 186 186 184 184 186 187 187 186 185 184 185 187 188 188 188 187 188 188 188 188 188 188 188 187 -99 186 186 186 186 186 -88 185 185 184 184 183 183 183 -99 181 180 179 178 177 176 175 174 175 175 175 -99 -99 -99 -99 -99 -99 -99 -99 -99 -99 -99 -99 -99
155 144 155 152 157 160 159 160 161 162 164 165 167 167 169 173 171 169 171 173 176 178 179 180 181 182 183 183 183 184 185 186 186 185 184 186 186 185 185 185 186 186 188 188 187 187 187 188 188 188 188 188 189 188 187 187 187 187 187 187 -99 -99 186 186 186 185 185 185 184 -99 183 182 -99 180 179 178 177 177 177 177 177 -99 -99 177 178 -99 -99 -99 -99 -99 -99 -99 -99 -99
161 158 159 160 161 160 161 163 163 165 166 166 167 168 170 174 175 174 173 174 177 179 181 182 184 184 184 185 185 186 186 186 185 184 185 186 185 185 186 187 187 187 188 188 188 188 188 189 -99 190 189 189 189 188 188 -99 188 188 188 188 -99 187 187 187 187 187 -99 187 -99 -99 184 184 -99 -99 181 180 180 179 179 179 179 179 179 178 178 179 179 179 179 -99 -99 -99 -99 -99
-99 162 160 161 163 162 160 165 165 165 167 168 169 170 172 174 175 179 175 176 178 181 183 183 185 186 187 188 188 188 186 186 185 185 185 185 186 186 187 187 188 188 187 186 188 189 189 190 190 -99 190 190 190 189 189 189 189 189 189 189 189 189 188 189 -99 188 188 188 187 187 187 -99 185 184 -99 182 182 181 181 181 181 181 180 180 180 180 180 180 180 180 180 -99 -99 -99
162 -99 164 163 163 163 161 166 168 167 170 169 173 175 175 176 177 178 180 178 177 179 181 183 184 186 187 187 188 189 188 186 185 185 185 -99 185 186 187 187 188 188 188 188 188 189 189 190 -99 192 192 192 -99 191 190 190 190 -99 190 190 190 190 -99 190 190 -99 190 190 189 189 189 188 187 186 186 185 184 183 183 182 182 182 182 182 181 181 181 181 181 180 180 179 179 -99
163 163 -99 -99 165 164 166 166 166 168 171 170 175 177 177 178 178 179 180 180 179 177 180 181 184 185 187 188 187 188 186 186 185 185 185 185 185 187 187 188 189 190 190 190 189 189 190 191 192 193 193 193 192 192 191 191 191 191 191 191 192 192 192 191 192 191 191 191 191 191 191 190 189 188 188 187 186 186 185 185 184 184 184 184 183 183 182 182 182 182 181 -99 180 180
-99 -99 -99 -99 -99 166 164 161 167 168 168 172 174 176 179 181 182 182 181 181 181 180 177 179 179 183 186 186 187 186 185 185 184 183 182 183 186 187 188 189 190 192 192 191 191 191 191 192 192 193 194 194 193 192 192 191 192 192 194 193 194 194 193 193 193 193 193 193 193 193 192 192 191 190 -99 188 188 187 187 186 186 185 185 185 185 184 184 184 183 183 183 182 182 181
-88 -99 -99 -99 -88 -99 166 164 169 166 168 171 175 177 179 180 180 183 182 182 182 182 183 182 179 178 179 181 184 183 183 183 183 183 184 185 187 188 189 190 191 193 193 193 193 192 193 194 195 195 195 195 195 194 194 194 194 193 195 195 195 -99 195 195 -99 -99 194 194 195 -99 194 194 193 192 191 -99 190 189 -99 188 -99 -99 187 187 186 186 186 185 185 184 184 184 183 183
166 -99 -99 -99 -99 168 167 168 169 167 168 170 175 176 179 179 181 181 181 182 183 181 182 181 181 179 176 178 177 179 181 182 182 183 184 186 187 188 189 191 193 194 195 195 194 194 194 195 195 196 -99 197 196 196 197 197 197 197 197 197 197 197 196 196 -99 -99 196 196 -99 -99 196 195 194 194 193 192 192 191 190 190 189 189 188 188 187 187 188 187 186 186 185 185 184 184
-99 168 -99 -99 -99 -99 171 -99 171 169 170 171 174 176 178 179 180 180 181 182 183 181 180 179 180 -99 177 176 176 176 179 181 182 183 185 186 188 189 191 193 194 196 196 196 196 195 196 197 198 197 197 198 199 199 199 199 199 198 198 198 197 196 197 197 197 -99 -99 197 -99 -99 -99 196 196 195 195 194 193 193 -99 192 191 190 190 190 189 189 189 189 188 187 187 186 186 185
-99 -99 -99 -99 -99 -99 -99 -99 173 -99 170 171 172 174 175 176 176 178 180 181 182 183 182 181 181 178 176 178 177 177 177 174 178 182 185 187 188 190 192 194 196 197 197 197 197 197 198 199 200 199 200 200 201 200 200 200 200 199 198 198 198 198 197 197 198 -99 -99 -99 -99 -99 -99 -88 197 197 196 196 195 194 194 192 193 192 191 190 -99 190 190 189 188 188 187 186 187 186
-99 -99 -99 -99 -99 -99 -99 -99 -99 176 175 175 173 173 173 176 177 180 182 182 181 183 183 183 181 181 178 178 177 177 176 174 173 179 181 186 189 191 192 195 196 197 197 197 198 198 199 201 202 201 201 202 202 201 200 200 199 199 198 197 197 197 197 197 198 199 199 199 199 -99 -99 -99 198 198 198 197 196 196 195 194 194 193 192 191 192 191 191 190 190 189 188 187 188 187
-99 -99 -99 -99 -99 -99 -99 -99 -99 -99 177 175 175 173 173 172 175 179 179 181 181 182 183 184 183 183 179 180 176 177 177 178 176 175 178 183 188 192 193 195 197 197 198 198 198 199 199 200 201 202 203 203 203 201 201 200 199 198 197 197 198 197 197 196 197 198 200 200 -99 -99 200 -99 199 199 198 198 -99 197 196 196 194 193 194 194 193 193 191 191 190 190 189 189 189 188
-99 -99 -99 -99 -99 -99 -99 -99 -99 -99 -99 179 177 178 180 174 177 175 174 173 177 181 181 184 183 184 182 183 181 179 174 177 179 178 177 181 187 190 193 195 197 199 200 200 199 199 200 200 201 202 203 203 203 201 200 -99 199 198 198 198 198 198 197 196 198 198 -99 200 200 200 200 200 -99 200 199 199 199 198 198 197 195 195 195 195 195 194 193 192 -99 191 190 190 190 189
-99 -99 -99 -99 -99 -99 -99 -99 -99 178 178 -99 -99 182 180 179 181 179 174 175 179 178 182 184 185 187 185 187 184 181 182 180 179 182 180 177 182 189 193 195 197 200 201 201 199 199 199 200 201 202 202 202 201 200 200 199 200 200 201 200 199 198 197 197 198 198 199 201 201 201 201 200 -99 201 201 201 200 -99 198 197 196 196 195 195 194 193 194 -99 193 192 191 191 190 190
-99 -99 -99 -99 -99 -99 -99 -99 -99 -99 179 179 180 180 185 188 186 183 180 178 178 177 180 184 183 186 184 -99 186 182 183 182 180 178 184 178 180 186 191 194 197 199 200 200 198 198 198 199 199 200 200 200 200 199 198 198 200 201 201 200 198 198 198 198 198 198 199 201 202 -99 201 201 202 202 202 202 201 -99 198 198 197 196 196 195 194 194 194 194 194 193 192 191 190 190
-99 -99 -99 -99 -99 -99 -99 -99 -99 -99 -99 -99 182 181 178 183 -99 187 183 183 179 182 183 183 183 181 184 183 181 181 180 180 178 179 185 179 181 185 189 193 196 197 197 197 196 195 195 195 195 196 197 198 197 197 196 196 198 200 201 199 198 197 197 198 199 199 201 201 201 201 202 202 202 201 201 202 200 -99 199 198 196 196 195 -99 195 195 195 195 -88 -99 193 192 191 191
-99 -99 -99 -99 -99 -99 -99 -99 -99 -99 -99 -99 -99 -88 182 179 184 -99 -99 189 189 186 185 182 180 179 182 182 183 182 181 181 180 181 183 184 181 180 185 188 190 192 193 194 195 195 194 194 194 195 195 195 195 195 195 195 196 197 199 198 198 197 197 197 198 198 198 199 199 201 202 202 201 201 201 -99 -99 -99 198 197 196 195 195 195 195 195 196 195 195 194 193 193 191 192
-99 -99 -99 -99 -99 -99 -99 -99 -99 -99 -99 -99 -99 -99 -99 -99 -99 180 185 -99 -99 185 180 178 177 177 181 185 183 182 182 181 180 181 181 181 179 178 175 182 185 187 189 189 191 192 192 192 192 193 194 194 193 193 194 194 195 195 195 195 195 194 195 195 196 196 196 197 198 198 200 200 200 199 198 198 198 198 197 196 195 194 194 194 195 195 196 196 196 196 -99 -99 -99 193
-99 -99 -99 -99 -99 -99 -99 -99 -99 -99 -99 -99 -99 -99 -99 -99 -99 179 -99 -99 -88 184 180 176 176 180 185 184 183 183 182 181 -99 180 179 179 178 178 176 177 179 183 185 187 188 189 187 187 190 191 192 193 193 193 193 193 193 193 192 193 193 193 193 193 194 195 195 196 196 196 197 198 197 197 197 196 -99 196 195 194 193 193 193 193 194 -99 196 -99 -99 -99 -99 -99 -99 -99
