data/datasets/radiation.asc
ncols 720
nrows 360
xllcorner -180
yllcorner -90
cellsize .5
NODATA_value -99
[rows 168 to 209 of 360, columns 376 to 469 of 720]
131 130 133 142 141 162 162 160 158 160 162 168 177 190 208 219 220 219 217 215 212 210 210 209 210 210 207 205 204 202 201 198 195 193 190 187 184 181 177 174 172 169 167 163 159 154 148 148 155 162 168 174 179 183 186 190 194 196 196 199 197 193 189 186 186 190 192 197 201 206 211 213 214 214 214 215 218 221 225 229 234 -99 -99 -99 -99 -99 -99 -99 -99 -99 -99 -99 -99 -99
125 124 128 134 142 157 158 157 156 157 159 163 170 184 200 212 215 214 212 209 207 206 205 206 206 206 205 204 203 202 200 198 196 194 192 190 187 185 183 180 178 176 174 170 165 158 149 146 157 165 173 179 183 186 189 191 192 193 193 192 188 184 180 175 179 181 186 192 198 204 210 212 213 212 210 211 213 217 221 227 232 -99 -99 -99 -99 -99 -99 -99 -99 -99 -99 -99 -99 -99
123 127 125 134 144 149 153 151 151 151 153 155 161 174 190 203 206 206 203 200 198 196 196 197 198 198 198 198 197 198 195 194 191 190 189 189 187 185 184 183 182 180 179 176 171 165 157 154 164 172 179 183 186 188 189 190 190 188 186 183 178 174 172 171 172 175 178 185 194 202 208 211 210 207 204 204 206 210 215 220 -99 -99 -99 -99 -99 -99 -99 -99 -99 -99 -99 -99 -99 -99
-99 -99 121 137 140 143 143 141 137 139 141 148 155 167 183 197 199 197 194 192 189 187 188 188 190 190 190 191 191 191 190 189 187 186 186 186 185 184 184 184 183 182 181 181 177 173 169 168 176 182 186 189 190 191 190 189 -99 185 181 176 170 166 163 164 167 170 172 177 190 202 207 211 208 203 200 199 201 205 209 -99 -99 -99 -99 -99 -99 -99 -99 -99 -99 -99 -99 -99 -99 -99
-99 -99 -99 -99 143 141 129 127 129 130 133 141 151 161 173 184 187 187 186 184 182 180 181 181 182 182 183 184 184 184 184 183 181 181 181 181 181 181 182 184 183 182 181 181 180 180 179 180 185 189 193 193 193 193 191 189 -99 181 179 174 167 160 157 162 164 168 172 176 191 203 205 207 204 200 196 195 197 201 205 -99 -99 -99 -99 -99 -99 -99 -99 -99 -99 -99 -99 -99 -99 -99
-99 -99 -99 -99 146 134 122 118 119 121 125 134 145 156 165 173 177 179 179 179 177 176 174 173 174 176 176 177 178 178 178 177 176 175 176 176 176 177 177 179 179 178 178 179 181 184 183 186 191 197 198 197 195 194 192 189 186 180 177 171 168 164 161 161 165 168 173 180 190 198 202 203 202 198 193 191 195 198 -99 -99 -99 -99 -99 -99 -99 -99 -99 -99 -99 -99 -99 -99 -99 -99
-99 -99 -99 -99 150 128 115 107 110 113 119 126 136 149 159 165 170 173 175 175 174 172 171 169 169 170 170 171 173 173 173 172 171 169 170 171 171 172 172 172 174 174 175 176 178 181 183 186 192 197 198 198 196 194 191 187 184 179 175 171 168 165 164 164 168 171 175 180 189 194 198 201 201 198 195 193 195 -99 -99 -99 -99 -99 -99 -99 -99 -99 -99 -99 -99 -99 -99 -99 -99 -99
-99 -99 -99 -99 151 127 110 102 103 106 112 117 127 141 153 158 163 168 170 171 171 170 -88 -88 165 164 164 165 168 168 167 167 167 166 165 166 166 167 167 167 168 169 171 172 172 172 177 181 187 193 195 195 194 190 186 184 181 176 175 171 168 167 166 167 171 173 177 181 188 192 197 199 200 199 198 197 -99 -99 -99 -99 -99 -99 -99 -99 -99 -99 -99 -99 -99 -99 -99 -99 -99 -99
-99 -99 -99 -99 136 118 101 97 100 104 105 109 117 132 145 154 159 164 167 168 169 -88 -88 163 161 159 159 159 161 162 163 163 162 161 161 161 161 162 162 163 163 165 167 168 167 169 -99 173 179 186 189 191 189 184 178 180 179 170 170 173 172 171 170 171 173 175 178 182 186 190 195 198 200 202 -99 -99 -99 -99 -99 -99 -99 -99 -99 -99 -99 -99 -99 -99 -99 -99 -99 -99 -99 -99
-99 -99 -99 -99 119 105 97 94 98 107 101 101 108 127 143 152 157 160 163 165 165 163 161 159 155 153 152 152 153 154 156 157 157 157 157 156 156 156 157 158 159 160 162 163 165 -99 166 169 173 178 182 184 179 170 168 167 174 165 169 172 173 171 171 171 173 175 178 181 185 189 193 196 -99 -99 -99 -99 -99 -99 -99 -99 -99 -99 -99 -99 -99 -99 -99 -99 -99 -99 -99 -99 -99 -99
-99 -99 -99 118 106 98 94 91 98 105 105 102 110 129 148 154 156 157 159 160 -88 159 156 152 149 144 142 142 144 145 147 148 150 151 151 151 151 151 151 152 153 154 156 157 158 159 162 165 168 171 174 176 174 169 167 167 166 158 168 173 171 170 169 169 172 174 176 179 183 187 190 -99 -99 -99 -99 -99 -99 -99 -99 -99 -99 -99 -99 -99 -99 -99 -99 -99 -99 -99 -99 -99 -99 -99
-99 -99 -88 105 100 94 93 94 99 108 108 109 119 136 150 155 155 154 154 -99 -99 154 150 146 138 131 129 130 131 132 132 132 133 137 142 143 144 146 146 148 148 149 143 135 148 150 154 158 162 -99 -99 168 167 163 160 158 155 153 153 163 168 167 166 167 170 171 174 177 181 184 -99 -99 -99 -99 -99 -99 -99 -99 -99 -99 -99 -99 -99 -99 -99 -99 -99 -99 -99 -99 -99 -99 -99 -99
-99 -99 100 97 95 93 93 98 104 110 111 118 127 138 149 152 151 150 149 150 151 148 144 137 129 120 120 121 122 122 119 117 115 119 126 132 135 138 136 140 140 131 113 -99 125 125 141 151 -99 -99 -99 -99 -99 -99 152 149 140 126 126 158 164 163 163 164 165 168 170 174 177 -99 -99 -99 -99 -99 -99 -99 -99 -99 -99 -99 -99 -99 -99 -99 -99 -99 -99 -99 -99 -99 -99 -99 -99 -99
-99 -99 95 92 89 91 92 96 103 108 114 121 129 135 144 147 146 144 140 141 142 140 136 131 124 120 118 118 117 115 113 109 106 111 119 125 128 129 131 134 133 121 124 121 105 112 130 -99 -99 -99 -99 -99 160 150 143 129 121 114 147 155 157 157 158 160 162 164 167 170 -99 -99 -99 -99 -99 -99 -99 -99 -99 -99 -99 -99 -99 -99 -99 -99 -99 -99 -99 -99 -99 -99 -99 -99 -99 -99
-99 -99 -99 91 88 87 86 91 97 101 112 124 127 132 138 141 141 138 134 134 134 132 131 127 123 120 118 117 114 113 111 109 108 112 117 123 127 127 131 132 127 117 108 92 104 118 131 141 -99 -99 -99 -99 159 150 145 131 139 130 142 149 152 154 156 158 159 161 164 166 -99 -99 -99 -99 -99 -99 -99 -99 -99 -99 -99 -99 -99 -99 -99 -99 -99 -99 -99 -99 -99 -99 -99 -99 -99 -99
-99 -99 91 90 88 88 88 91 91 95 108 127 125 127 131 135 138 137 134 131 -99 129 128 126 123 121 119 117 116 114 112 112 112 115 119 124 125 125 125 126 126 106 -99 97 109 124 133 -99 -99 -99 -99 158 156 151 143 130 150 142 146 148 150 152 153 155 156 158 160 -99 -99 -99 -99 -99 -99 -99 -99 -99 -99 -99 -99 -99 -99 -99 -99 -99 -99 -99 -99 -99 -99 -99 -99 -99 -99 -99
-99 -99 -99 90 88 88 90 93 94 96 107 115 118 119 125 132 137 136 134 132 129 129 128 126 125 123 121 119 118 117 115 115 117 119 123 127 127 129 131 128 126 102 103 112 126 132 141 146 -88 -99 -99 156 154 150 145 145 148 143 145 146 147 150 151 152 154 155 -99 -99 -99 -99 -99 -99 -99 -99 -99 -99 -99 -99 -99 -99 -99 -99 -99 -99 -99 -99 -99 -99 -99 -99 -99 -99 -99 -99
-99 -99 -99 -99 90 89 90 94 99 100 105 110 112 117 122 130 137 136 136 134 132 131 130 128 128 126 123 122 122 122 121 121 123 125 129 132 133 134 139 136 129 110 118 119 135 143 146 -99 151 155 157 156 152 149 145 143 142 137 138 139 143 146 148 150 -99 -99 -99 -99 -99 -99 -99 -99 -99 -99 -99 -99 -99 -99 -99 -99 -99 -99 -99 -99 -99 -99 -99 -99 -99 -99 -99 -99 -99 -99
-99 -99 -99 -99 -99 92 93 97 103 105 106 106 111 116 123 127 133 136 138 137 135 134 132 132 131 129 128 127 127 127 128 128 130 133 136 140 141 142 143 142 134 106 142 129 146 149 152 153 155 157 158 156 154 149 145 139 138 129 133 126 135 143 144 147 -99 -99 -99 -99 -99 -99 -99 -99 -99 -99 -99 -99 -99 -99 -99 -99 -99 -99 -99 -99 -99 -99 -99 -99 -99 -99 -99 -99 -99 -99
-99 -99 -99 -99 -99 -99 98 102 106 109 107 106 111 116 119 125 130 135 139 140 138 138 137 135 134 133 132 132 132 132 133 136 138 142 143 146 147 146 147 146 137 120 -99 138 151 154 156 158 159 160 160 159 155 152 -99 143 136 127 121 -99 126 133 138 -99 -99 -99 -99 -99 -99 -99 -99 -99 -99 -99 -99 -99 -99 -99 -99 -99 -99 -99 -99 -99 -99 -99 -99 -99 -99 -99 -99 -99 -99 -99
-99 -99 -99 -99 -99 -99 -99 107 108 108 107 106 110 116 123 126 131 136 140 142 142 142 141 141 139 138 138 137 138 139 140 142 143 146 148 150 153 154 153 154 152 146 -99 151 155 158 162 162 163 164 163 161 157 152 145 143 135 127 119 116 122 127 133 -99 -99 -99 -99 -99 -99 -99 -99 -99 -99 -99 -99 -99 -99 -99 -99 -99 -99 -99 -99 -99 -99 -99 -99 -99 -99 -99 -99 -99 -99 -99
-99 -99 -99 -99 -99 -99 -99 -99 108 103 102 103 109 115 122 129 136 141 143 144 144 144 144 143 142 142 141 141 142 142 143 145 148 151 153 156 158 159 160 158 159 153 -99 158 160 163 166 166 167 168 166 164 159 153 148 143 137 129 121 119 110 124 136 -99 -99 -99 -99 -99 -99 -99 -99 -99 -99 -99 -99 -99 -99 -99 -99 -99 -99 -99 -99 -99 -99 -99 -99 -99 -99 -99 -99 -99 -99 -99
-99 -99 -99 -99 -99 -99 -99 -99 100 98 97 104 111 115 123 132 140 143 145 146 146 147 147 146 145 144 144 144 145 146 148 150 152 155 158 161 162 163 164 163 162 161 -99 -99 163 165 168 169 170 171 169 165 161 155 152 146 140 133 124 120 121 130 -88 -99 -99 -99 -99 -99 -99 -99 -99 -99 -99 -99 -99 -99 -99 -99 -99 -99 -99 -99 -99 -99 -99 -99 -99 -99 -99 -99 -99 -99 -99 -99
-99 -99 -99 -99 -99 -99 -99 -99 99 101 100 108 115 122 128 138 142 145 147 148 149 150 150 150 149 148 148 148 149 150 153 156 158 160 163 165 166 167 168 168 168 166 166 -99 165 166 170 171 172 171 169 165 162 158 155 148 143 137 127 127 128 137 -99 -99 -99 -99 -99 -99 -99 -99 -99 -99 -99 -99 -99 -99 -99 -99 -99 -99 -99 -99 -99 -99 -99 -99 -99 -99 -99 -99 -99 -99 -99 -99
-99 -99 -99 -99 -99 -99 -99 -99 -88 110 111 116 123 129 134 140 145 148 150 150 152 153 153 153 152 152 152 152 153 154 157 161 161 164 166 168 170 172 173 173 172 170 169 -99 169 170 171 172 173 172 170 165 163 160 157 151 146 140 133 136 137 140 -99 -99 -99 -99 -99 -99 -99 -99 -99 -99 -99 -99 -99 -99 -99 -99 -99 -99 -99 -99 -99 -99 -99 -99 -99 -99 -99 -99 -99 -99 -99 -99
-99 -99 -99 -99 -99 -99 -99 -99 -99 121 122 125 132 137 140 144 147 152 153 154 155 156 156 156 155 156 155 155 155 156 158 161 164 166 168 170 173 176 178 178 176 172 170 -99 -99 175 175 173 174 173 171 167 165 162 160 155 148 143 141 138 140 142 144 -99 -99 -99 -99 -99 -99 -99 -99 -99 -99 -99 -99 -99 -99 -99 -99 -99 -99 -99 -99 -99 -99 -99 -99 -99 -99 -99 -99 -99 -99 -99
-99 -99 -99 -99 -99 -99 -99 -99 -99 -99 135 136 139 142 143 147 151 155 157 157 157 158 158 158 158 158 158 158 158 158 159 160 165 168 170 172 175 177 181 181 178 174 175 173 -99 -99 175 177 175 173 171 168 166 163 162 157 152 145 143 139 144 144 146 -99 -99 -99 -99 -99 -99 -99 -99 -99 -99 -99 -99 -99 -99 -99 -99 -99 -99 -99 -99 -99 -99 -99 -99 -99 -99 -99 -99 -99 -99 -99
-99 -99 -99 -99 -99 -99 -99 -99 -99 -99 141 142 143 146 147 150 155 159 161 160 161 161 161 161 162 161 161 161 161 161 162 164 167 170 172 175 177 180 182 181 180 177 175 172 178 -99 172 177 -99 173 171 168 166 164 160 157 153 148 148 147 147 147 149 -99 -99 -99 -99 -99 -99 -99 -99 -99 -99 -99 -99 -99 -99 -99 -99 -99 -99 -99 -99 -99 -99 -99 -99 -99 -99 -99 -99 -99 -99 -99
-99 -99 -99 -99 -99 -99 -99 -99 -99 -99 -99 148 148 149 151 153 158 162 165 165 162 162 163 164 164 164 165 164 164 164 165 167 169 171 173 176 180 182 179 177 179 179 178 178 179 -88 177 175 177 -99 172 168 167 163 157 154 157 154 151 150 149 149 152 -99 -99 -99 -99 -99 -99 -99 -99 -99 -99 -99 -99 -99 -99 -99 -99 -99 -99 -99 -99 -99 -99 -99 -99 -99 -99 -99 -99 -99 -99 -99
-99 -99 -99 -99 -99 -99 -99 -99 -99 -99 -99 152 152 152 153 155 159 165 167 167 165 164 165 167 167 167 167 166 166 166 167 169 170 172 175 178 -99 181 174 176 179 -99 180 -99 181 180 179 174 175 174 170 168 166 161 157 158 157 152 153 151 151 151 154 -99 -99 -99 -99 -99 -99 -99 -99 -99 -99 -99 -99 -99 -99 -99 -99 -99 -99 -99 -99 -99 -99 -99 -99 -99 -99 -99 -99 -99 -99 -99
-99 -99 -99 -99 -99 -99 -99 -99 -99 -99 152 153 154 154 155 155 158 163 166 166 166 166 166 168 170 169 168 167 167 168 168 170 172 174 177 181 180 179 181 174 179 -99 181 179 177 177 177 176 175 172 168 165 159 157 155 158 154 152 153 152 152 153 156 -99 -99 -99 -99 -99 -99 -99 -99 -99 -99 -99 -99 -99 -99 -99 -99 -99 -99 -99 -99 -99 -99 -99 -99 -99 -99 -99 -99 -99 -99 -99
-99 -99 -99 -99 -99 -99 -99 -99 -99 -99 -99 153 155 155 154 155 157 161 163 165 165 166 167 169 171 171 169 168 168 169 170 171 174 176 178 180 178 182 183 176 179 181 180 179 177 177 178 177 174 171 166 168 160 154 152 154 153 152 153 153 154 155 158 -99 -99 -99 -99 -99 -99 -99 -99 -99 -99 -99 -99 -99 -99 -99 -99 -99 -99 -99 -99 -99 -99 -99 -99 -99 -99 -99 -99 -99 -99 -99
-99 -99 -99 -99 -99 -99 -99 -99 -99 -99 -99 152 153 152 152 154 156 159 161 162 164 165 166 168 169 170 169 168 168 169 171 172 174 176 177 175 177 181 183 176 178 178 177 177 178 178 178 176 174 170 165 162 -99 156 154 151 152 151 151 153 156 156 157 162 164 -99 -99 -99 -99 -99 -99 -99 -99 -99 -99 -99 -99 -99 -99 -99 -99 -99 -99 -99 -99 -99 -99 -99 -99 -99 -99 -99 -99 -99
-99 -99 -99 -99 -99 -99 -99 -99 -99 -99 -99 151 151 150 152 153 155 158 160 161 162 164 166 167 169 170 169 168 167 169 171 173 174 176 176 -99 177 179 180 177 177 176 175 176 177 177 177 175 173 169 164 158 -99 155 151 149 151 151 153 155 156 158 159 163 165 -99 -99 -99 -99 -99 -99 -99 -99 -99 -99 -99 -99 -99 -99 -99 -99 -99 -99 -99 -99 -99 -99 -99 -99 -99 -99 -99 -99 -99
-99 -99 -99 -99 -99 -99 -99 -99 -99 -99 -99 -99 150 150 152 153 155 157 159 159 160 162 164 167 168 169 170 169 169 170 172 174 175 176 176 177 176 178 178 177 176 173 174 -99 176 175 175 173 173 170 166 160 -99 155 153 153 152 154 155 157 158 160 160 162 166 -99 -99 -99 -99 -99 -99 -99 -99 -99 -99 -99 -99 -99 -99 -99 -99 -99 -99 -99 -99 -99 -99 -99 -99 -99 -99 -99 -99 -99
-99 -99 -99 -99 -99 -99 -99 -99 -99 -99 -99 -99 149 151 153 154 156 156 158 158 158 161 164 167 169 170 171 171 171 172 173 175 177 177 176 176 176 177 177 177 175 174 173 174 175 174 174 173 172 170 167 161 -99 -99 155 155 155 156 157 157 159 160 160 162 166 -99 -99 -99 -99 -99 -88 -99 -99 -99 -99 -99 -99 -99 -99 -99 -99 -99 -99 -99 -99 -99 -99 -99 -99 -99 -99 -99 -99 -99
-99 -99 -99 -99 -99 -99 -99 -99 -99 -99 -99 146 150 152 154 157 157 158 158 158 158 162 165 168 170 171 172 173 173 174 174 175 177 177 178 177 176 176 176 175 174 174 174 174 174 174 174 175 173 170 167 164 -99 -99 158 156 156 156 157 158 159 160 162 164 166 -99 -99 -99 -99 -99 -99 -99 -99 -99 -99 -99 -99 -99 -99 -99 -99 -99 171 -99 -99 -99 -99 -99 -99 -99 -99 -99 -99 -99
-99 -99 -99 -99 -99 -99 -99 -99 -99 -99 146 148 152 154 156 159 160 161 162 162 162 165 167 170 172 173 174 174 175 175 175 176 177 177 177 177 176 175 175 174 173 173 173 173 172 172 172 175 173 170 168 166 -99 164 157 155 157 158 158 158 159 160 161 164 167 -99 -99 -99 -99 -99 -99 -99 -99 -99 -99 -99 -99 -99 -99 -99 -99 -99 167 -99 -99 -99 -99 -99 -99 -99 -99 -99 -99 -99
-99 -99 -99 -99 -99 -99 -99 -99 -99 147 148 151 154 157 159 161 163 165 166 167 167 168 170 172 173 174 175 176 177 177 177 177 177 177 177 176 176 176 175 174 173 172 172 171 170 170 172 173 172 170 170 168 -99 -99 158 158 159 158 158 157 158 159 160 163 166 -99 -99 -99 -99 -99 -99 -99 -99 -99 -99 -99 -99 -99 -99 -99 -99 169 165 162 -99 -99 -99 -99 -99 -99 -99 -99 -99 -99
-99 -99 -99 -99 -99 -99 -99 -99 -99 148 151 154 157 159 162 164 166 169 171 172 172 172 174 175 175 176 177 177 178 178 178 177 176 176 176 176 176 175 175 174 173 172 172 170 171 171 171 171 170 168 169 167 170 -99 162 161 160 157 157 158 158 159 161 163 165 -99 -99 -99 -99 -99 -99 -99 -99 -99 -99 -99 -99 -99 -99 -99 170 163 158 157 -99 -99 -99 -99 -99 -99 -99 -99 -99 -99
-99 -99 -99 -99 -99 -99 -99 -99 -99 150 154 157 160 162 164 167 169 172 174 176 176 176 177 178 178 178 179 179 179 179 178 177 176 175 175 175 175 175 174 174 173 173 171 171 171 170 170 169 168 167 165 164 163 -99 -99 161 160 159 159 159 -99 159 160 162 165 -99 -99 -99 -99 -99 -99 -99 -99 -99 -99 -99 -99 -99 -99 -88 167 157 153 153 -88 -99 -99 -99 -99 -99 -99 -99 -99 -99
-99 -99 -99 -99 -99 -99 -99 -99 149 152 157 161 162 164 166 168 171 174 177 179 179 179 180 180 180 180 180 180 180 179 179 177 176 174 174 175 174 174 173 173 172 172 173 173 170 169 168 167 166 166 163 162 161 162 -99 160 158 158 157 156 157 158 159 162 164 167 -99 -99 -99 -99 -99 -99 -99 -99 -99 -99 -99 -99 -99 173 166 155 152 150 149 -99 -99 -99 -99 -99 -99 -99 -99 -99
