data/datasets/radiation.asc
ncols 720
nrows 360
xllcorner -180
yllcorner -90
cellsize .5
NODATA_value -99
[rows 210 to 251 of 360, columns 188 to 281 of 720]
-99 -99 -99 -99 -99 -99 -99 -99 -99 -99 -99 -99 -99 -99 -99 -99 -99 -99 -99 -99 -99 -99 150 157 162 164 165 167 167 167 169 169 167 167 165 158 156 154 152 150 149 148 148 146 146 146 146 146 146 145 144 142 142 141 140 140 140 140 142 144 146 146 148 148 150 150 152 152 153 153 154 155 155 155 155 155 155 157 157 159 159 161 161 161 159 157 153 146 141 137 135 135 135 137
-99 -99 -99 -99 -99 -99 -99 -99 -99 -99 -99 -99 -99 -99 -99 -99 -99 -99 -99 -99 -99 -99 -99 -99 160 161 166 166 168 168 168 169 -99 -99 167 165 158 157 155 152 151 149 148 147 147 147 147 147 147 146 145 143 141 141 139 139 139 139 141 143 144 145 147 149 149 150 151 152 153 154 154 154 154 156 156 154 154 156 156 158 158 160 160 160 158 154 150 145 139 136 134 134 136 138
-99 -99 -99 -99 -99 -99 -99 -99 -99 -99 -99 -99 -99 -99 -99 -99 -99 -99 -99 -99 -99 -99 -99 -99 -99 156 160 163 167 168 168 168 168 167 -99 165 164 159 157 154 152 150 148 148 147 147 148 148 148 146 144 142 142 140 140 138 137 138 140 142 143 144 145 147 149 149 151 151 153 153 153 155 155 155 155 155 153 153 155 156 157 159 159 159 157 153 147 142 138 134 134 133 133 136
-99 -99 -99 -99 -99 -99 -99 -99 -99 -99 -99 -99 -99 -99 -99 -99 -99 -99 -99 -99 -99 -99 -99 -99 -99 -99 -99 157 162 167 168 168 168 166 166 166 166 163 161 159 152 151 149 148 147 145 145 146 146 145 144 142 141 141 139 138 138 138 139 141 142 144 144 146 148 148 150 152 152 152 154 154 155 156 155 154 152 152 152 154 156 157 158 158 156 150 144 139 135 133 131 131 131 135
-99 -99 -99 -99 -99 -99 -99 -99 -99 -99 -99 -99 -99 -99 -99 -99 -99 -99 -99 -99 -99 -99 -99 -99 -99 -99 -99 -99 -99 159 165 167 167 167 166 166 165 165 163 162 161 157 151 148 146 144 145 145 145 145 143 143 141 139 139 138 138 138 139 140 141 143 145 146 147 149 149 150 151 152 153 154 155 156 154 154 152 150 150 154 156 156 155 155 151 146 141 136 133 132 131 132 133 -99
-99 -99 -99 -99 -99 -99 -99 -99 -99 -99 -99 -99 -99 -99 -99 -99 -99 -99 -99 -99 -99 -99 -99 -99 -99 -99 -99 -99 -99 154 156 160 167 167 166 166 166 165 165 163 162 159 158 153 149 146 144 144 144 144 144 142 142 140 139 138 138 138 139 140 141 142 144 146 146 147 149 149 151 151 153 154 155 155 155 153 153 151 152 155 155 154 153 151 147 142 136 134 132 131 132 133 135 -99
-99 -99 -99 -99 -99 -99 -99 -99 -99 -99 -99 -99 -99 -99 -99 -99 -99 -99 -99 -99 -99 -99 -99 -99 -99 -99 -99 -99 -99 -99 -99 155 164 167 166 165 165 -99 165 165 161 160 156 155 151 146 144 144 144 143 142 142 141 141 139 139 139 139 139 139 141 142 142 144 146 147 148 148 150 151 153 153 155 155 155 153 153 151 151 153 153 153 151 148 144 139 135 133 132 132 132 133 134 -99
-99 -99 -99 -99 -99 -99 -99 -99 -99 -99 -99 -99 -99 -99 -99 -99 -99 -99 -99 -99 -99 -99 -99 -99 -99 -99 -99 -99 -99 -99 -99 -99 161 166 166 166 166 -99 166 166 164 161 158 154 150 145 145 143 143 143 143 142 141 140 139 139 138 138 139 139 141 141 143 143 145 145 147 148 149 151 152 154 154 154 154 152 152 151 151 150 150 150 150 147 142 136 134 132 131 132 134 134 134 -99
-99 -99 -99 -99 -99 -99 -99 -99 -99 -99 -99 -99 -99 -99 -99 -99 -99 -99 -99 -99 -99 -99 -99 -99 -99 -99 -99 -99 -99 -99 -99 -99 159 166 166 166 166 166 168 168 166 163 161 156 149 147 145 144 144 142 142 142 140 140 140 138 138 138 138 140 140 142 142 142 144 144 145 147 147 149 151 151 153 151 151 151 149 147 147 147 147 147 147 147 142 137 135 133 133 135 135 136 136 -99
-99 -99 -99 -99 -99 -99 -99 -99 -99 -99 -99 -99 -99 -99 -99 -99 -99 -99 -99 -99 -99 -99 -99 -99 -99 -99 -99 -99 -99 -99 -99 -99 158 165 167 167 167 169 169 170 169 165 162 155 149 148 144 144 142 142 142 142 140 140 140 139 139 139 139 139 140 140 140 142 142 142 144 144 146 148 148 149 149 148 148 148 146 142 142 142 144 146 146 146 142 137 135 135 135 135 135 137 -99 -99
-99 -99 -99 -99 -99 -99 -99 -99 -99 -99 -99 -99 -99 -99 -99 -99 -99 -99 -99 -99 -99 -99 -99 -99 -99 -99 -99 -99 -99 -99 -99 -99 157 162 167 167 167 169 169 169 167 167 162 153 150 146 144 143 143 143 141 141 141 141 139 -99 139 139 139 139 139 139 141 141 141 141 141 141 143 144 144 144 144 144 -99 -99 136 132 134 137 141 143 143 141 139 137 136 134 134 134 134 136 -99 -99
-99 -99 -99 -99 -99 -99 -99 -99 -99 -99 -99 -99 -99 -99 -99 -99 -99 -99 -99 -99 -99 -99 -99 -99 -99 -99 -99 -99 -99 -99 -99 -99 155 159 167 167 167 169 169 171 169 167 160 153 148 145 143 141 141 141 141 141 141 141 140 140 140 140 138 138 138 138 138 138 138 138 138 138 140 140 141 141 141 141 138 134 128 126 129 133 136 140 140 138 136 134 134 133 133 134 134 -99 -99 -99
-99 -99 -99 -99 -99 -99 -99 -99 -99 -99 -99 -99 -99 -99 -99 -99 -99 -99 -99 -99 -99 -99 -99 -99 -99 -99 -99 -99 -99 -99 -99 -99 154 157 166 167 167 169 171 171 171 167 162 150 145 142 142 140 140 140 140 140 140 140 140 140 140 138 138 137 137 137 137 137 135 135 135 135 135 137 137 137 137 137 133 128 126 125 125 130 133 137 137 133 132 132 132 133 133 133 -99 -99 -99 -99
-99 -99 -99 -99 -99 -99 -99 -99 -99 -99 -99 -99 -99 -99 -99 -99 -99 -99 -99 -99 -99 -99 -99 -99 -99 -99 -99 -99 -99 -99 -99 -99 156 157 164 167 167 169 171 171 173 169 159 149 144 140 139 139 139 139 140 140 140 140 140 140 140 139 137 135 134 134 134 134 134 132 132 -99 132 132 134 134 132 132 129 123 120 120 122 125 129 132 132 129 127 127 129 132 132 134 -99 -99 -99 -99
-99 -99 -99 -99 -99 -99 -99 -99 -99 -99 -99 -99 -99 -99 -99 -99 -99 -99 -99 -99 -99 -99 -99 -99 -99 -99 -99 -99 -99 -99 -99 -99 156 156 161 164 166 168 169 169 171 169 151 141 139 137 136 137 137 137 139 139 141 141 141 141 141 139 137 136 132 131 131 131 131 129 -99 127 127 129 129 129 127 126 124 119 116 117 119 121 124 126 126 124 124 124 124 126 -99 -99 -99 -99 -99 -99
-99 -99 -99 -99 -99 -99 -99 -99 -99 -99 -99 -99 -99 -99 -99 -99 -99 -99 -99 -99 -99 -99 -99 -99 -99 -99 -99 -99 -99 -99 -99 153 154 156 159 161 164 166 166 166 166 164 141 136 134 134 134 134 134 136 136 138 139 141 141 141 141 139 138 134 131 129 129 129 128 126 123 121 123 124 126 126 124 123 119 118 116 116 116 118 119 119 121 119 123 124 126 129 -99 -99 -99 -99 -99 -99
-99 -99 -99 -99 -99 -99 -99 -99 -99 -99 -99 -99 -99 -99 -99 -99 -99 -99 -99 -99 -99 -99 -99 -99 -99 -99 -99 -99 -99 -99 -99 151 153 156 158 154 163 163 163 163 161 158 143 131 131 131 131 131 131 133 135 136 138 140 141 143 141 140 138 135 131 130 128 126 125 123 120 117 117 122 123 122 122 120 118 115 115 113 113 115 115 115 -99 -99 -99 -99 -99 -99 -99 -99 -99 -99 -99 -99
-99 -99 -99 -99 -99 -99 -99 -99 -99 -99 -99 -99 -99 -99 -99 -99 -99 -99 -99 -99 -99 -99 -99 -99 -99 -99 -99 -99 -99 -99 -99 151 151 154 156 154 159 159 159 156 154 145 130 128 128 127 128 128 130 130 132 133 135 138 140 141 141 141 138 137 133 130 127 125 122 120 117 115 114 117 117 117 117 115 115 114 112 112 112 112 111 -99 -99 -99 -99 -99 -99 -99 -99 -99 -99 -99 -99 -99
-99 -99 -99 -99 -99 -99 -99 -99 -99 -99 -99 -99 -99 -99 -99 -99 -99 -99 -99 -99 -99 -99 -99 -99 -99 -99 -99 -99 -99 -99 -99 153 151 154 156 158 156 156 156 154 151 129 125 127 125 125 125 125 127 127 129 130 134 137 138 140 142 142 140 137 134 130 127 124 122 119 117 114 113 113 111 109 109 111 113 113 113 113 -88 -99 -99 -99 -99 -99 -99 -99 -99 -99 -99 -99 -99 -99 -99 -99
-99 -99 -99 -99 -99 -99 -99 -99 -99 -99 -99 -99 -99 -99 -99 -99 -99 -99 -99 -99 -99 -99 -99 -99 -99 -99 -99 -99 -99 -99 -99 153 153 154 156 156 153 153 153 151 142 124 126 124 123 123 124 124 126 126 127 129 132 134 137 138 140 142 140 137 134 131 -99 -99 121 118 116 113 110 108 107 103 105 110 111 111 111 -99 -99 -99 -99 -99 -99 -99 -99 -99 -99 -99 -99 -99 -99 -99 -99 -99
-99 -99 -99 -99 -99 -99 -99 -99 -99 -99 -99 -99 -99 -99 -99 -99 -99 -99 -99 -99 -99 -99 -99 -99 -99 -99 -99 -99 -99 -99 -99 151 153 154 154 154 153 151 150 142 135 -99 123 123 121 121 123 123 124 124 126 128 131 132 135 137 140 140 139 135 132 131 126 124 121 118 115 112 109 105 102 102 104 107 109 110 -99 -99 -99 -99 -99 -99 -99 -99 -99 -99 -99 -99 -99 -99 -99 -99 -99 -99
-99 -99 -99 -99 -99 -99 -99 -99 -99 -99 -99 -99 -99 -99 -99 -99 -99 -99 -99 -99 -99 -99 -99 -99 -99 -99 -99 -99 -99 -99 -99 151 151 153 153 153 151 150 148 140 129 126 123 121 121 121 121 121 123 125 125 128 129 132 134 136 137 139 137 136 132 129 128 125 121 118 115 111 106 103 101 100 101 104 107 -99 -99 -99 -99 -99 -99 -99 -99 -99 -99 -99 -99 -99 -99 -99 -99 -99 -99 -99
-99 -99 -99 -99 -99 -99 -99 -99 -99 -99 -99 -99 -99 -99 -99 -99 -99 -99 -99 -99 -99 -99 -99 -99 -99 -99 -99 -99 -99 -99 -99 149 151 153 151 151 149 148 146 143 131 125 123 122 120 120 120 122 123 125 126 128 131 131 132 134 136 136 136 134 132 129 128 125 122 117 114 111 106 102 100 99 100 105 109 -99 -99 -99 -99 -99 -99 -99 -99 -99 -99 -99 -99 -99 -99 -99 -99 -99 -99 -99
-99 -99 -99 -99 -99 -99 -99 -99 -99 -99 -99 -99 -99 -99 -99 -99 -99 -99 -99 -99 -99 -99 -99 -99 -99 -99 -99 -99 -99 -99 -99 149 151 151 149 149 148 146 143 140 136 125 123 122 122 120 120 122 123 125 128 129 131 131 133 133 134 134 134 134 133 129 126 123 120 117 116 113 108 104 102 101 104 108 110 -99 -99 -99 -99 -99 -99 -99 -99 -99 -99 -99 -99 -99 -99 -99 -99 -99 -99 -99
-99 -99 -99 -99 -99 -99 -99 -99 -99 -99 -99 -99 -99 -99 -99 -99 -99 -99 -99 -99 -99 -99 -99 -99 -99 -99 -99 -99 -99 -99 146 149 151 149 148 148 148 146 143 140 131 126 125 123 122 122 122 122 123 125 126 128 129 131 133 133 133 133 133 133 131 128 125 122 119 117 116 113 110 107 105 104 107 108 113 -99 -99 -99 -99 -99 -99 -99 -99 -99 -99 -99 -99 -99 -99 -99 -99 -99 -99 -99
-99 -99 -99 -99 -99 -99 -99 -99 -99 -99 -99 -99 -99 -99 -99 -99 -99 -99 -99 -99 -99 -99 -99 -99 -99 -99 -99 -99 -99 -99 146 147 150 147 146 147 149 146 143 140 134 128 125 124 122 122 122 124 124 125 127 128 128 129 131 131 129 129 129 129 128 125 122 119 118 116 116 115 112 109 107 106 107 109 112 -99 -99 -99 -99 -99 -99 -99 -99 -99 -99 -99 -99 -99 -99 -99 -99 -99 -99 -99
-99 -99 -99 -99 -99 -99 -99 -99 -99 -99 -99 -99 -99 -99 -99 -99 -99 -99 -99 -99 -99 -99 -99 -99 -99 -99 -99 -99 -99 -99 144 147 147 146 147 147 147 146 141 140 135 131 126 125 124 122 122 124 124 125 125 126 126 128 128 128 126 126 126 126 125 122 119 118 116 115 115 115 112 110 109 107 106 112 113 -99 -99 -99 -99 -99 -99 -99 -99 -99 -99 -99 -99 -99 -99 -99 -99 -99 -99 -99
-99 -99 -99 -99 -99 -99 -99 -99 -99 -99 -99 -99 -99 -99 -99 -99 -99 -99 -99 -99 -99 -99 -99 -99 -99 -99 -99 -99 -99 142 144 145 142 144 145 147 144 142 140 138 135 131 126 124 122 122 122 124 125 125 125 125 125 125 125 125 125 124 124 122 121 118 116 115 113 113 113 113 112 110 109 109 110 112 -99 -99 -99 -99 -99 -99 -99 -99 -99 -99 -99 -99 -99 -99 -99 -99 -99 -99 -99 -99
-99 -99 -99 -99 -99 -99 -99 -99 -99 -99 -99 -99 -99 -99 -99 -99 -99 -99 -99 -99 -99 -99 -99 -99 -99 -99 -99 -99 -99 141 142 141 141 142 144 144 142 138 136 133 132 128 125 122 121 121 122 123 125 125 123 123 123 123 123 123 122 122 121 119 118 116 113 112 111 111 111 112 112 111 109 109 113 -99 -99 -99 -99 -99 -99 -99 -99 -99 -99 -99 -99 -99 -99 -99 -99 -99 -99 -99 -99 -99
-99 -99 -99 -99 -99 -99 -99 -99 -99 -99 -99 -99 -99 -99 -99 -99 -99 -99 -99 -99 -99 -99 -99 -99 -99 -99 -99 -99 -99 138 139 138 136 140 140 139 138 135 132 129 128 125 122 119 118 119 120 123 125 123 123 123 123 122 122 122 120 119 119 118 116 113 112 111 108 109 109 111 111 111 111 111 -99 -99 -99 -99 -99 -99 -99 -99 -99 -99 -99 -99 -99 -99 -99 -99 -99 -99 -99 -99 -99 -99
-99 -99 -99 -99 -99 -99 -99 -99 -99 -99 -99 -99 -99 -99 -99 -99 -99 -99 -99 -99 -99 -99 -99 -99 -99 -99 -99 -99 -99 136 136 134 133 137 137 137 134 132 129 126 123 122 119 118 116 118 119 122 123 122 122 122 122 122 122 120 119 118 116 115 113 112 111 109 108 108 109 109 109 109 111 -99 -99 -99 -99 -99 -99 -99 -99 -99 -99 -99 -99 -99 -99 -99 -99 -99 -99 -99 -99 -99 -99 -99
-99 -99 -99 -99 -99 -99 -99 -99 -99 -99 -99 -99 -99 -99 -99 -99 -99 -99 -99 -99 -99 -99 -99 -99 -99 -99 -99 -99 -99 133 133 130 131 134 135 134 131 129 126 123 120 119 116 115 115 115 -99 -99 119 120 120 122 122 122 122 120 117 116 115 113 112 111 109 108 108 108 108 108 108 -99 -99 -99 -99 -99 -99 -99 -99 -99 -99 -99 -99 -99 -99 -99 -99 -99 -99 -99 -99 -99 -99 -99 -99 -99
-99 -99 -99 -99 -99 -99 -99 -99 -99 -99 -99 -99 -99 -99 -99 -99 -99 -99 -99 -99 -99 -99 -99 -99 -99 -99 -99 -99 -99 130 128 125 127 130 132 131 130 125 123 120 117 116 115 112 112 113 115 116 116 117 119 119 120 120 120 119 116 115 113 112 110 109 108 108 106 106 106 108 108 -99 -99 -99 -99 -99 -99 -99 -99 -99 -99 -99 -99 -99 -99 -99 -99 -99 -99 -99 -99 -99 -99 -99 -99 -99
-99 -99 -99 -99 -99 -99 -99 -99 -99 -99 -99 -99 -99 -99 -99 -99 -99 -99 -99 -99 -99 -99 -99 -99 -99 -99 -99 -99 -99 127 125 122 125 125 128 129 127 124 121 118 116 114 113 110 110 110 112 113 114 114 116 116 117 118 118 117 114 113 112 110 109 108 108 106 106 106 106 106 -99 -99 -99 -99 -99 -99 -99 -99 -99 -99 -99 -99 -99 -99 -99 -99 -99 -99 -99 -99 -99 -99 -99 -99 -99 -99
-99 -99 -99 -99 -99 -99 -99 -99 -99 -99 -99 -99 -99 -99 -99 -99 -99 -99 -99 -99 -99 -99 -99 -99 -99 -99 -99 -99 -99 123 123 118 118 122 125 125 123 121 119 117 114 112 110 108 108 109 110 112 112 113 113 114 115 117 115 114 113 110 109 109 108 108 106 106 106 106 106 -99 -99 -99 -99 -99 -99 -99 -99 -99 -99 -99 -99 -99 -99 -99 -99 -99 -99 -99 -99 -99 -99 -99 -99 -99 -99 -99
-99 -99 -99 -99 -99 -99 -99 -99 -99 -99 -99 -99 -99 -99 -99 -99 -99 -99 -99 -99 -99 -99 -99 -99 -99 -99 -99 -99 -99 122 120 117 114 118 120 120 120 119 118 115 113 110 109 107 106 107 109 109 110 111 113 113 114 115 114 113 110 109 107 106 106 106 106 106 106 105 -99 -99 -99 -99 -99 -99 -99 -99 -99 -99 -99 -99 -99 -99 -99 -99 -99 -99 -99 -99 -99 -99 -99 -99 -99 -99 -99 -99
-99 -99 -99 -99 -99 -99 -99 -99 -99 -99 -99 -99 -99 -99 -99 -99 -99 -99 -99 -99 -99 -99 -99 -99 -99 -99 -99 -99 -99 119 119 114 111 116 116 117 117 117 116 115 111 108 107 106 105 105 106 107 107 108 110 111 111 112 112 -99 108 107 106 105 105 105 105 105 105 105 -99 -99 -99 -99 -99 -99 -99 -99 -99 -99 -99 -99 -99 -99 -99 -99 -99 -99 -99 -99 -99 -99 -99 -99 -99 -99 -99 -99
-99 -99 -99 -99 -99 -99 -99 -99 -99 -99 -99 -99 -99 -99 -99 -99 -99 -99 -99 -99 -99 -99 -99 -99 -99 -99 -99 -99 116 116 116 112 109 113 115 115 115 115 113 112 108 106 104 104 103 103 103 104 104 106 106 107 108 109 109 108 106 104 104 103 103 103 103 103 103 -99 -99 -99 -99 -99 -99 -99 -99 -99 -99 -99 -99 -99 -99 -99 -99 -99 -99 -99 -99 -99 -99 -99 -99 -99 -99 -99 -99 -99
-99 -99 -99 -99 -99 -99 -99 -99 -99 -99 -99 -99 -99 -99 -99 -99 -99 -99 -99 -99 -99 -99 -99 -99 -99 -99 -99 -99 113 113 113 109 108 110 112 112 112 112 110 109 107 104 103 102 102 100 102 102 103 103 103 104 105 107 107 -99 104 103 102 102 102 102 100 102 -99 -99 -99 -99 -99 -99 -99 -99 -99 -99 -99 -99 -99 -99 -99 -99 -99 -99 -99 -99 -99 -99 -99 -99 -99 -99 -99 -99 -99 -99
-99 -99 -99 -99 -99 -99 -99 -99 -99 -99 -99 -99 -99 -99 -99 -99 -99 -99 -99 -99 -99 -99 -99 -99 -99 -99 -99 -99 111 111 110 106 108 109 109 109 110 109 108 106 105 103 101 101 100 100 100 100 100 100 101 103 104 105 105 104 -99 -99 100 100 100 99 99 -99 -99 -99 -99 -99 -99 -99 -99 -99 -99 -99 -99 -99 -99 -99 -99 -99 -99 -99 -99 -99 -99 -99 -99 -99 -99 -99 -99 -99 -99 -99
-99 -99 -99 -99 -99 -99 -99 -99 -99 -99 -99 -99 -99 -99 -99 -99 -99 -99 -99 -99 -99 -99 -99 -99 -99 -99 -99 108 108 110 107 106 107 107 107 107 107 107 106 105 102 101 101 100 100 100 99 99 97 97 99 100 102 103 103 101 99 -99 -99 -99 -99 -99 -99 -99 -99 -99 -99 -99 -99 -99 -99 -99 -99 -99 -99 -99 -99 -99 -99 -99 -99 -99 -99 -99 -99 -99 -99 -99 -99 -99 -99 -99 -99 -99
-99 -99 -99 -99 -99 -99 -99 -99 -99 -99 -99 -99 -99 -99 -99 -99 -99 -99 -99 -99 -99 -99 -99 -99 -99 -99 -99 105 107 107 105 105 105 105 104 104 104 104 103 102 101 99 99 99 99 98 98 96 96 96 97 98 101 103 102 99 97 -99 -99 -99 -99 -99 -99 -99 -99 -99 -99 -99 -99 -99 -99 -99 -99 -99 -99 -99 -99 -99 -99 -99 -99 -99 -99 -99 -99 -99 -99 -99 -99 -99 -99 -99 -99 -99
