data/datasets/radiation.asc
ncols 720
nrows 360
xllcorner -180
yllcorner -90
cellsize .5
NODATA_value -99
[rows 84 to 125 of 360, columns 470 to 563 of 720]
224 225 226 226 226 225 225 224 222 221 219 217 216 217 220 224 227 230 232 234 236 237 239 240 239 239 238 239 239 238 235 230 227 224 222 219 218 217 216 215 214 212 210 208 206 206 205 206 207 209 212 215 218 222 224 225 225 222 220 218 220 223 228 233 238 245 245 242 242 238 240 240 239 241 -99 241 -99 240 240 240 241 241 242 242 242 242 242 241 242 241 239 236 232 229
227 228 229 230 229 229 228 227 225 224 222 220 217 218 223 229 233 235 237 239 240 241 241 242 241 240 240 239 238 237 234 231 228 225 222 220 218 217 217 215 214 212 210 208 207 206 206 206 208 210 213 216 218 220 219 219 219 218 217 217 219 221 225 231 -99 242 245 245 244 243 240 240 241 242 246 245 243 242 242 242 243 243 244 244 244 244 243 243 244 243 241 239 235 232
231 232 233 233 233 232 231 230 229 228 226 224 222 220 230 236 240 241 242 243 243 243 243 243 242 241 240 238 237 235 233 230 228 225 222 220 219 217 216 215 214 211 209 207 206 206 206 206 208 210 213 216 218 219 220 219 218 217 215 215 216 219 223 227 232 237 240 242 243 245 245 244 245 243 242 243 244 243 243 243 244 244 245 245 245 245 245 245 246 246 244 242 239 237
235 236 237 237 237 236 235 234 233 232 -99 -99 233 237 244 247 247 247 247 247 246 245 244 243 241 240 238 237 236 234 231 229 227 224 222 220 218 216 -99 -88 212 210 208 206 205 204 204 205 206 208 211 214 -99 -99 217 216 215 215 213 214 215 217 220 224 228 231 235 237 240 243 246 249 252 248 247 244 242 242 243 243 243 244 245 245 245 246 246 246 247 248 249 248 243 240
238 240 242 241 240 239 238 237 -99 -88 -99 -99 244 252 259 256 254 253 252 250 249 247 245 243 240 238 236 235 233 232 230 227 225 223 221 218 216 -99 -99 211 209 207 206 204 203 203 202 203 203 205 207 208 207 210 213 209 213 213 213 213 213 215 217 219 222 225 229 232 235 239 243 247 251 252 249 245 243 241 240 241 242 242 243 243 244 244 245 246 247 248 248 248 246 244
240 243 244 243 242 241 240 -99 -99 -99 -99 -99 -99 256 261 260 259 257 255 253 251 248 245 242 239 236 234 232 231 229 228 226 224 222 219 217 214 213 211 209 207 205 203 202 201 200 199 199 198 198 200 201 202 204 208 209 206 208 209 209 210 211 213 215 217 220 223 227 230 234 238 240 244 245 244 242 240 239 238 238 239 240 241 241 241 242 243 244 246 247 247 247 246 245
242 244 245 244 244 243 243 -99 -99 -99 -99 -99 -99 258 260 262 261 260 259 256 253 249 246 242 239 236 234 233 231 230 228 227 226 224 222 219 216 213 211 209 208 206 204 203 202 201 199 198 196 197 197 199 201 202 205 208 208 208 209 209 209 209 210 210 212 214 217 221 225 229 232 235 237 238 237 235 234 233 233 234 235 236 237 238 239 240 241 242 243 244 245 245 245 244
243 244 245 245 245 245 245 -99 -99 -99 -99 -99 255 258 260 261 262 262 261 258 254 250 246 243 239 236 233 233 231 230 230 228 227 225 223 221 218 214 210 209 207 206 205 204 202 201 199 199 199 199 199 199 199 200 201 202 202 203 205 205 206 206 206 206 207 209 211 216 220 224 227 229 231 231 231 230 228 228 228 229 230 232 233 234 236 237 238 239 240 241 241 242 243 243
243 244 245 246 246 247 247 -99 -99 -99 -99 254 256 258 259 261 262 262 262 259 255 250 247 243 240 237 233 232 232 232 231 230 228 226 225 222 219 215 211 208 206 206 205 204 204 203 203 202 202 202 201 199 198 199 200 201 201 201 201 202 202 203 204 203 203 203 211 213 216 219 222 224 225 225 225 224 225 226 223 224 226 227 229 231 232 233 234 235 236 237 238 239 240 240
243 244 245 246 246 247 248 248 249 250 252 254 256 257 258 259 260 261 263 259 254 249 247 244 241 239 237 236 235 232 231 232 230 229 226 223 220 216 213 208 206 205 204 202 201 200 200 201 200 199 198 197 197 198 198 200 199 200 199 200 201 202 203 205 205 205 206 210 213 216 218 220 221 220 220 219 220 221 223 223 222 224 226 228 229 230 231 232 233 233 234 235 236 237
244 244 245 246 246 247 248 249 251 252 253 255 256 256 256 257 256 257 257 254 251 248 246 245 243 241 240 240 238 236 230 229 228 223 219 218 213 212 209 208 206 205 202 201 201 -99 200 199 199 198 198 197 197 196 196 197 197 198 199 199 199 201 202 203 205 205 207 211 214 216 217 217 218 217 216 214 212 212 217 219 220 221 223 225 225 226 227 228 229 230 231 232 233 234
243 244 244 245 245 246 248 249 251 254 255 255 255 255 254 254 254 252 251 249 248 247 246 245 244 243 243 242 240 236 228 221 219 217 216 214 211 210 209 206 206 206 205 -99 -99 -99 199 199 198 196 194 195 195 195 196 198 197 197 198 199 199 201 203 203 204 206 207 210 212 213 215 215 215 215 214 213 212 212 213 216 217 219 221 222 223 223 224 225 225 226 227 228 229 230
242 243 243 243 244 -99 246 248 250 254 255 254 253 253 252 252 251 250 248 246 247 247 246 245 245 244 244 243 241 233 222 220 219 220 222 222 218 215 212 209 -99 207 205 203 200 199 198 197 197 197 196 197 198 199 199 200 200 200 202 203 203 204 205 205 206 207 209 210 212 213 213 214 214 213 213 212 212 212 213 215 216 217 218 219 220 220 221 221 222 222 223 224 225 226
242 241 241 241 241 242 243 245 248 250 251 251 250 250 250 249 249 248 247 247 247 246 246 245 245 244 244 244 244 235 222 220 229 231 228 222 219 214 214 213 211 210 206 203 200 199 199 201 202 203 203 202 201 200 200 201 202 203 203 204 204 206 207 208 208 208 210 211 212 213 213 213 213 213 212 212 212 212 213 214 215 216 216 217 217 218 218 218 218 218 219 220 221 222
240 239 238 238 238 239 240 241 243 245 246 247 247 247 247 247 247 247 247 247 246 245 244 244 244 244 244 244 243 235 231 237 237 237 235 230 220 214 208 206 206 206 204 203 202 201 201 201 202 201 204 202 202 201 202 202 202 203 204 205 205 207 209 210 211 212 213 213 213 213 213 213 213 213 212 212 212 212 212 213 214 214 215 215 215 215 215 215 215 215 215 216 217 218
238 236 235 234 234 235 236 237 239 240 241 242 243 244 244 245 246 246 247 246 245 243 241 239 238 241 242 243 243 241 238 237 231 234 225 222 216 212 209 204 206 205 205 207 206 204 204 202 205 203 204 203 202 202 202 203 203 204 205 205 206 208 210 212 213 214 215 215 215 214 214 213 213 212 212 212 212 212 212 212 213 213 213 213 213 213 213 212 212 212 212 212 213 213
234 232 231 230 231 231 231 233 234 236 237 238 240 240 241 242 243 243 243 244 243 241 239 237 235 229 229 226 224 221 217 216 212 210 211 208 208 206 209 209 209 210 211 210 209 208 207 206 204 204 203 202 201 202 202 203 203 204 204 206 207 209 211 213 214 216 216 216 215 215 214 213 213 212 212 212 212 212 212 212 212 213 213 213 213 212 211 210 209 209 208 208 208 209
230 228 227 226 226 227 227 228 230 232 233 234 236 237 238 239 239 240 241 241 241 240 237 234 228 223 221 219 216 214 215 213 209 206 206 204 204 203 204 205 209 211 211 210 209 208 206 205 204 203 202 202 201 202 202 202 204 204 205 206 207 210 212 214 216 217 218 216 216 214 213 213 211 211 211 211 211 211 211 211 212 212 212 211 212 211 211 210 208 206 204 204 205 205
225 223 222 221 223 223 223 224 227 228 230 231 232 233 235 236 237 238 239 240 240 239 236 232 225 223 221 220 218 216 213 210 207 206 204 204 204 203 204 204 202 205 209 209 208 207 206 205 203 202 202 202 201 202 202 202 203 204 205 206 207 210 212 214 216 215 212 210 210 209 210 210 211 211 211 211 211 -99 211 211 211 211 211 211 211 211 210 209 208 206 204 202 201 202
222 221 219 218 217 218 220 221 223 225 227 229 230 231 233 234 236 238 239 240 240 238 235 230 227 227 225 222 220 219 212 208 207 206 205 205 204 204 204 203 201 203 205 207 209 208 206 204 203 202 202 202 202 202 202 202 203 204 205 206 207 209 211 211 208 206 207 207 208 209 211 211 211 211 210 210 210 211 211 211 211 211 210 211 210 210 209 208 207 205 203 201 199 198
219 219 217 216 215 215 215 217 221 223 225 226 228 229 231 233 235 237 239 240 240 240 236 234 235 231 226 225 224 223 214 209 207 206 205 205 204 204 203 202 203 203 203 205 208 207 206 204 203 201 202 202 202 202 203 203 204 204 205 206 207 208 204 202 203 203 204 207 -99 208 209 210 210 210 210 210 210 210 210 210 211 211 211 210 210 210 208 207 205 204 201 200 198 197
218 217 216 215 214 214 214 215 217 220 223 225 227 228 231 233 236 238 240 241 242 242 241 240 239 236 233 231 229 225 219 212 210 209 208 207 206 205 205 204 203 202 203 203 205 204 204 203 202 201 202 202 203 203 203 204 204 203 203 202 201 198 197 200 201 203 204 206 207 208 209 208 208 209 209 210 210 210 210 210 210 211 211 211 211 211 209 207 205 202 -99 197 196 194
217 216 216 215 214 214 214 215 216 218 222 225 227 229 232 234 237 238 240 242 243 244 244 242 240 239 237 236 233 229 222 217 214 212 211 211 210 208 209 205 204 203 202 201 199 198 200 199 198 200 199 201 202 202 200 199 198 197 195 192 192 195 198 198 200 202 203 204 205 206 208 208 208 208 209 209 209 209 209 210 210 210 210 210 211 211 210 207 204 201 -99 -99 192 189
217 216 216 216 215 215 215 216 217 219 222 226 229 231 234 237 239 241 243 245 245 245 244 244 241 239 239 241 236 229 222 219 219 218 218 215 213 214 213 210 205 205 203 202 199 198 197 196 195 197 196 198 198 196 192 192 191 191 192 192 192 194 196 198 199 199 -99 203 205 205 206 206 206 207 207 207 207 207 208 208 209 209 209 210 210 211 210 205 202 199 196 193 190 188
217 217 217 217 216 216 217 217 219 221 224 227 231 233 236 240 242 244 244 244 244 242 242 243 242 241 240 241 237 231 226 222 222 227 222 219 219 218 217 213 210 207 205 200 200 199 197 196 196 194 193 193 192 191 191 191 191 192 192 193 192 193 195 197 199 201 202 202 204 205 206 206 206 206 206 206 206 206 207 207 207 207 207 207 207 208 206 203 201 198 194 191 189 186
218 218 218 218 218 218 218 219 220 223 227 231 235 238 240 243 246 246 245 246 244 243 243 244 243 245 243 244 242 237 237 233 236 237 232 229 227 222 219 214 214 213 209 204 202 200 199 197 197 196 194 193 192 192 191 192 192 192 192 193 193 194 196 197 199 200 202 202 203 204 205 205 205 205 205 205 205 205 206 206 206 206 205 205 205 205 203 202 199 196 193 190 188 186
219 219 219 218 218 219 220 221 224 226 230 235 240 243 246 247 248 249 248 247 248 249 247 247 246 245 246 247 252 250 251 248 249 249 247 245 234 227 226 221 216 212 213 209 207 204 202 200 198 197 195 194 193 193 193 192 192 192 191 191 191 193 195 196 197 199 201 202 203 204 205 204 204 204 204 204 204 205 205 205 204 204 203 203 203 203 201 199 197 194 192 189 186 184
219 219 219 219 219 220 220 222 225 228 233 238 244 249 254 251 249 250 251 251 252 252 254 252 252 250 250 254 252 252 255 256 256 255 254 251 249 237 232 229 221 216 214 212 210 208 205 203 199 -99 196 196 195 194 -99 192 -99 192 191 191 191 192 194 195 197 198 199 200 202 203 203 203 203 -99 204 204 204 204 203 203 203 202 201 201 200 200 199 197 195 193 190 187 185 182
220 221 220 220 220 221 222 222 225 229 235 240 245 251 254 252 253 254 255 255 256 258 259 257 254 253 257 259 256 257 259 256 258 258 257 254 251 248 238 233 231 222 216 214 212 209 207 206 204 202 200 199 196 195 194 193 193 192 192 192 192 192 194 196 196 197 199 200 201 201 203 203 202 203 203 203 202 202 202 201 200 201 201 200 199 198 197 195 193 191 188 186 184 181
221 221 220 221 221 221 223 224 225 228 235 242 247 252 256 257 258 257 258 259 262 265 264 259 259 259 264 264 260 263 267 266 264 263 261 258 256 256 252 242 239 232 224 215 213 210 208 207 205 205 204 201 199 197 195 194 193 193 192 192 191 193 194 195 196 198 199 199 200 201 202 202 202 202 202 201 201 201 200 200 200 199 199 199 198 196 195 193 191 189 187 185 183 180
222 221 222 221 222 223 224 225 226 228 235 243 248 253 258 262 262 265 267 270 270 272 270 267 269 270 269 268 265 266 272 274 272 269 265 263 262 263 265 264 254 240 231 220 217 212 210 209 208 206 204 200 199 198 198 196 195 194 193 193 192 193 194 195 196 198 199 199 200 201 202 202 202 201 201 200 200 200 199 200 199 198 198 196 196 195 193 192 190 188 186 184 181 179
222 222 222 222 222 224 225 226 226 229 234 242 249 255 260 264 268 271 273 277 276 275 275 277 275 273 272 271 272 273 279 279 278 275 272 271 270 270 271 270 265 259 244 231 224 217 213 212 209 208 205 202 201 199 198 197 195 194 193 193 192 193 194 195 195 197 198 199 200 200 202 201 201 200 200 200 199 199 198 198 198 198 197 196 194 193 192 190 189 187 185 183 181 178
223 222 221 222 223 224 226 227 227 229 234 241 249 255 261 267 271 275 279 280 280 283 284 281 278 277 277 277 276 275 283 285 282 279 277 275 275 275 275 273 269 263 257 248 236 223 225 220 216 209 205 202 202 201 199 197 195 194 193 193 192 192 193 194 195 -99 197 -99 200 200 201 200 200 200 200 199 199 198 198 197 197 195 195 194 193 192 191 189 188 186 184 182 180 176
223 223 222 221 223 224 226 227 228 231 234 242 249 256 263 269 274 277 281 283 286 287 287 283 280 278 280 279 278 278 283 286 284 282 280 279 278 278 277 275 271 267 262 253 243 235 232 225 219 212 209 206 201 200 198 197 195 194 195 193 192 193 193 194 195 195 197 198 198 199 200 200 -99 200 199 199 198 198 197 196 196 194 194 193 192 191 190 189 187 185 183 181 179 176
224 223 222 222 222 224 225 227 229 231 232 240 249 257 264 271 277 281 285 286 288 289 288 285 282 280 283 282 282 281 285 287 285 283 282 282 281 280 278 276 273 269 265 260 252 245 238 227 220 214 209 207 206 203 200 197 196 195 193 192 191 192 192 193 194 195 195 197 197 198 -99 -99 199 198 198 198 197 196 196 195 194 193 193 191 191 190 189 188 186 185 183 181 179 176
224 223 223 222 222 223 226 227 228 230 229 237 249 258 267 275 281 284 286 288 289 291 290 288 283 284 285 285 286 284 287 288 285 284 284 284 283 281 279 277 274 270 267 263 259 254 247 239 234 221 216 209 204 204 201 200 198 195 192 191 190 191 192 192 193 193 195 196 196 197 198 198 198 198 197 197 196 196 195 195 194 192 191 191 190 189 189 187 186 184 183 181 179 177
225 224 224 223 222 222 225 227 229 228 227 231 246 260 -99 279 282 284 286 290 293 294 290 288 291 295 293 290 287 287 292 291 288 286 286 285 284 282 280 277 274 271 267 264 261 258 254 247 241 236 233 224 211 211 205 199 198 196 195 192 191 191 192 193 192 193 195 197 197 197 198 198 198 197 196 195 195 195 195 194 194 192 191 190 190 189 188 187 186 184 183 181 180 177
227 226 225 224 224 224 225 227 228 229 227 232 241 259 272 280 284 285 287 292 294 294 290 288 294 298 297 293 292 294 295 293 291 289 287 286 284 282 280 277 274 271 268 265 262 259 256 253 249 242 239 231 224 218 209 201 198 196 195 193 192 192 192 193 193 194 195 196 197 197 197 197 197 197 195 195 195 194 194 193 193 192 191 190 189 189 188 187 186 184 182 182 181 178
228 227 227 226 226 226 225 227 228 229 229 234 243 261 277 292 294 294 291 292 292 294 291 289 297 301 301 300 299 298 298 296 293 290 288 286 284 282 280 277 275 272 269 266 263 261 258 255 253 250 248 243 238 228 221 211 200 198 195 192 191 192 191 192 192 194 195 195 196 196 196 196 195 -99 194 194 194 193 193 194 193 192 191 190 189 188 188 187 187 185 182 182 181 180
230 229 229 229 229 229 228 227 228 228 231 -99 246 257 276 -99 -99 297 297 298 298 295 293 293 297 303 303 303 302 301 299 297 294 291 289 287 284 282 280 277 274 272 269 267 265 262 260 257 255 252 250 247 245 238 229 220 214 209 204 198 195 192 191 191 192 193 194 194 195 195 195 195 195 194 193 193 194 194 194 194 193 193 191 190 189 188 187 187 186 186 183 184 184 182
232 232 232 232 232 232 232 231 231 230 233 238 247 258 269 285 293 298 300 299 296 295 295 295 299 305 305 305 303 302 300 297 295 292 289 286 284 282 279 277 274 272 269 268 265 264 261 259 257 255 253 250 248 245 241 236 230 225 222 215 197 197 196 194 194 194 193 194 194 196 196 195 195 194 193 193 194 194 194 194 194 -99 192 190 191 190 189 188 188 186 185 185 185 184
237 237 236 236 237 236 235 234 233 233 234 238 249 259 271 281 290 297 299 297 295 295 294 295 300 306 307 306 304 302 300 297 294 291 288 286 283 281 279 276 274 272 270 268 266 265 262 260 258 257 255 253 251 248 245 242 239 235 230 226 218 210 205 201 202 200 198 198 196 195 196 195 195 194 193 194 193 193 194 193 193 192 192 191 190 191 189 188 188 187 186 186 186 186
